-28.903435,689.200000
-26.423292,754.200000
-23.944256,858.600000
-21.466323,936.200000
-18.989495,992.000000
-16.513770,1039.200000
-14.039148,1356.800000
-11.565628,2915.200000
-9.093210,5854.000000
-6.621892,6743.800000
-4.151674,10726.600000
-1.682556,13049.800000
0.785463,6959.200000
3.252384,1858.800000
5.718208,1168.400000
8.182935,1173.000000
10.646566,1168.200000
13.109101,1157.400000
15.570541,1182.600000
18.030887,1206.600000
20.490139,1224.000000
22.948298,1243.600000
25.405365,1263.800000
27.861340,1307.800000
30.316225,1337.400000
32.770018,1387.600000
35.222723,1431.600000
37.674337,1496.200000
40.124864,1537.000000
42.574303,1603.000000
45.022654,1669.800000
47.469919,1735.800000
49.916098,1826.800000
52.361192,1943.200000
54.805201,2080.200000
57.248126,2221.200000
59.689968,2402.200000
62.130727,2592.000000
64.570405,2940.400000
67.009000,3269.200000
69.446515,3765.400000
71.882950,4469.400000
74.318305,5485.000000
76.752581,7031.600000
79.185780,9526.000000
81.617900,13676.400000
84.048944,21052.000000
86.478911,33542.400000
88.907802,50197.000000
91.335619,64341.200000
93.762361,64324.800000
96.188029,64329.400000
98.612624,64335.000000
101.036146,64327.400000
103.458596,64322.800000
105.879976,64328.000000
108.300284,64329.200000
110.719522,64323.000000
113.137692,64310.800000
115.554792,64314.600000
117.970824,64326.600000
120.385788,64313.800000
122.799686,64317.000000
125.212518,64329.400000
127.624283,64320.200000
130.034984,64322.400000
132.444620,64326.800000
134.853193,64324.600000
137.260702,64327.600000
139.667149,64336.400000
142.072534,64326.400000
144.476857,64339.600000
146.880120,64322.400000
149.282323,64327.000000
151.683467,64335.400000
154.083551,64329.000000
156.482578,64329.600000
158.880547,64339.000000
161.277459,64333.400000
163.673314,64345.000000
166.068114,64328.000000
168.461859,64331.200000
170.854549,64332.200000
173.246185,64323.800000
175.636768,64331.400000
178.026299,64345.200000
180.414777,64344.200000
182.802204,64336.400000
185.188580,64329.200000
187.573906,64339.800000
189.958183,64328.800000
192.341410,61086.600000
194.723589,57841.600000
197.104721,55371.600000
199.484805,53386.000000
201.863842,51400.000000
204.241834,49730.600000
206.618781,48378.800000
208.994682,47155.400000
211.369540,45959.200000
213.743354,44998.400000
216.116125,44105.600000
218.487854,43268.600000
220.858542,42430.400000
223.228188,41679.000000
225.596794,41150.800000
227.964359,40595.000000
230.330886,40043.400000
232.696374,39572.200000
235.060824,38972.200000
237.424237,38495.000000
239.786612,38123.200000
242.147952,37517.400000
244.508256,36958.600000
246.867524,36427.000000
249.225759,36023.800000
251.582959,35588.400000
253.939126,35188.400000
256.294261,34652.200000
258.648364,34288.400000
261.001435,33981.800000
263.353475,33714.800000
265.704485,33418.800000
268.054465,32989.600000
270.403417,32777.400000
272.751339,32636.400000
275.098234,32428.600000
277.444102,32088.800000
279.788943,31874.400000
282.132758,31819.800000
284.475547,31562.400000
286.817312,31485.000000
289.158052,31390.400000
291.497769,31170.600000
293.836462,30987.800000
296.174133,30820.400000
298.510782,30686.200000
300.846409,30485.000000
303.181016,30352.400000
305.514603,30232.400000
307.847170,30157.000000
310.178718,30022.600000
312.509247,30059.600000
314.838759,29945.200000
317.167253,29789.000000
319.494731,29823.200000
321.821193,29686.800000
324.146639,29621.000000
326.471071,29631.600000
328.794488,29574.800000
331.116891,29584.800000
333.438281,29578.800000
335.758659,29449.000000
338.078024,29304.000000
340.396379,29525.400000
342.713722,29531.200000
345.030055,29549.000000
347.345379,29433.200000
349.659693,29459.800000
351.972999,29453.400000
354.285297,29472.800000
356.596588,29418.200000
358.906872,29381.400000
361.216149,29327.600000
363.524421,29154.200000
365.831689,29181.600000
368.137951,29301.200000
370.443210,29170.000000
372.747465,29235.400000
375.050718,29242.400000
377.352969,29236.400000
379.654218,29184.800000
381.954466,29071.800000
384.253713,29148.200000
386.551961,29109.400000
388.849209,29052.600000
391.145459,29032.200000
393.440710,29099.800000
395.734964,29141.800000
398.028221,29142.600000
400.320482,29113.000000
402.611746,29116.800000
404.902016,29214.400000
407.191290,29164.000000
409.479571,29315.200000
411.766858,29396.600000
414.053152,29357.400000
416.338453,29312.600000
418.622763,29229.600000
420.906081,29315.000000
423.188408,29245.600000
425.469746,29457.400000
427.750093,29331.000000
430.029452,29331.800000
432.307822,29234.800000
434.585204,29261.400000
436.861599,29302.200000
439.137007,29312.600000
441.411429,29315.000000
443.684865,29330.800000
445.957316,29292.800000
448.228782,29330.400000
450.499264,29431.400000
452.768763,29440.200000
455.037279,29468.400000
457.304813,29709.200000
459.571365,29626.200000
461.836936,29715.600000
464.101526,29655.600000
466.365136,29608.400000
468.627767,29614.600000
470.889418,29669.200000
473.150091,29697.400000
475.409787,29678.200000
477.668505,29750.000000
479.926246,29743.800000
482.183011,29716.600000
484.438800,29738.000000
486.693614,29969.800000
488.947454,29855.000000
491.200320,29906.400000
493.452212,29906.000000
495.703132,29866.200000
497.953079,29837.000000
500.202054,29938.800000
502.450058,29978.200000
504.697091,30028.400000
506.943155,30013.600000
509.188248,29835.000000
511.432373,29927.200000
513.675529,29973.800000
515.917718,30132.800000
518.158939,30070.000000
520.399193,30052.200000
522.638480,29973.800000
524.876802,29873.000000
527.114159,30079.800000
529.350551,30102.800000
531.585979,30222.600000
533.820444,30394.400000
536.053945,30548.200000
538.286484,30457.200000
540.518061,30374.400000
542.748677,30412.200000
544.978332,30400.000000
547.207026,30548.000000
549.434761,30595.000000
551.661537,30767.800000
553.887354,30818.600000
556.112212,30690.600000
558.336113,30706.000000
560.559058,30582.800000
562.781045,30699.400000
565.002077,30690.200000
567.222153,30640.200000
569.441274,30789.200000
571.659441,30800.800000
573.876654,30800.400000
576.092914,30862.200000
578.308221,30785.000000
580.522575,30818.200000
582.735978,30550.200000
584.948430,30544.800000
587.159932,30648.000000
589.370483,30612.000000
591.580084,30410.200000
593.788737,30457.200000
595.996441,30280.000000
598.203197,30237.400000
600.409006,30210.200000
602.613868,30056.800000
604.817784,30155.200000
607.020753,30135.800000
609.222778,30054.400000
611.423857,30101.600000
613.623993,30039.000000
615.823185,30118.200000
618.021433,29921.600000
620.218739,30033.400000
622.415103,29983.800000
624.610525,29937.000000
626.805006,29860.800000
628.998547,29790.800000
631.191148,29818.000000
633.382809,29770.000000
635.573531,29816.000000
637.763315,30074.400000
639.952160,30212.000000
642.140069,30308.000000
644.327041,30301.200000
646.513076,30197.800000
648.698175,30231.800000
650.882339,30256.800000
653.065569,30161.000000
655.247864,30127.800000
657.429225,30171.400000
659.609654,30143.600000
661.789149,30199.400000
663.967713,30302.000000
666.145344,30372.800000
668.322045,30371.000000
670.497815,30466.400000
672.672655,30463.400000
674.846565,30559.600000
677.019547,30581.600000
679.191600,30567.200000
681.362724,30485.400000
683.532922,30563.800000
685.702192,30744.000000
687.870536,30727.000000
690.037954,30812.000000
692.204446,30888.800000
694.370014,30857.000000
696.534657,31027.400000
698.698377,31221.800000
700.861173,31295.200000
703.023046,31105.200000
705.183997,31353.000000
707.344025,31481.600000
709.503133,31615.000000
711.661320,31765.200000
713.818586,32004.000000
715.974933,32187.400000
718.130361,32381.400000
720.284869,32506.400000
722.438460,32608.400000
724.591132,32267.200000
726.742888,32647.400000
728.893727,32685.000000
731.043649,32816.600000
733.192656,32901.400000
735.340748,33107.600000
737.487925,33014.800000
739.634187,33080.800000
741.779536,32981.400000
743.923972,32703.000000
746.067495,32910.000000
748.210106,32929.000000
750.351806,32936.400000
752.492594,32877.800000
754.632472,32940.600000
756.771439,33042.000000
758.909497,33079.200000
761.046646,33116.400000
763.182886,33064.600000
765.318217,33367.800000
767.452642,32971.400000
769.586159,32994.200000
771.718769,32934.800000
773.850474,33078.800000
775.981272,33090.600000
778.111166,32966.400000
780.240155,33034.600000
782.368240,33162.600000
784.495421,33215.200000
786.621699,33250.600000
788.747075,33273.600000
790.871548,33152.600000
792.995119,33258.800000
795.117790,33264.200000
797.239560,33415.200000
799.360430,33311.000000
801.480400,33416.600000
803.599471,33467.400000
805.717643,33610.000000
807.834917,33779.400000
809.951293,33768.400000
812.066773,33870.000000
814.181355,33876.200000
816.295041,33859.200000
818.407832,33831.800000
820.519727,33929.400000
822.630728,34046.400000
824.740835,33936.200000
826.850047,34115.000000
828.958367,33964.800000
831.065794,34231.200000
833.172328,34359.800000
835.277971,34569.200000
837.382722,34696.600000
839.486583,34586.000000
841.589553,34533.600000
843.691634,34636.600000
845.792825,34456.400000
847.893127,34404.600000
849.992541,34034.600000
852.091067,34029.000000
854.188706,34103.800000
856.285458,34138.200000
858.381324,34209.600000
860.476303,34113.400000
862.570397,34063.600000
864.663606,33926.800000
866.755931,34055.200000
868.847372,34266.400000
870.937929,34261.400000
873.027603,34206.400000
875.116395,34184.800000
877.204304,34248.000000
879.291332,33979.600000
881.377479,34022.200000
883.462746,33960.000000
885.547132,33837.000000
887.630638,34097.800000
889.713266,34007.800000
891.795014,33859.400000
893.875885,34054.000000
895.955878,33817.000000
898.034993,33796.200000
900.113232,33599.600000
902.190595,33719.400000
904.267081,33687.400000
906.342693,33682.200000
908.417429,33562.600000
910.491291,33451.000000
912.564279,33535.200000
914.636394,33537.800000
916.707636,33425.800000
918.778005,33440.200000
920.847503,33641.400000
922.916128,33583.000000
924.983883,33717.800000
927.050767,33536.800000
929.116781,33278.200000
931.181926,33301.200000
933.246201,33312.400000
935.309608,33134.200000
937.372146,33026.000000
939.433817,33008.400000
941.494620,33130.400000
943.554557,32994.400000
945.613627,33083.600000
947.671831,33053.000000
949.729170,33002.200000
951.785645,33091.000000
953.841254,32919.800000
955.896000,33031.200000
957.949882,32954.000000
960.002901,32873.800000
962.055058,32984.600000
964.106352,33053.600000
966.156785,32919.000000
968.206357,33021.600000
970.255067,32723.400000
972.302918,32732.800000
974.349909,32887.800000
976.396041,32976.800000
978.441313,32792.400000
980.485728,32883.600000
982.529284,33072.600000
984.571983,33012.000000
986.613825,32976.200000
988.654811,32935.800000
990.694940,33087.000000
992.734214,33105.200000
994.772633,33134.200000
996.810197,33250.400000
998.846907,33427.600000
1000.882763,33458.600000
1002.917765,33439.600000
1004.951915,33241.200000
1006.985213,33344.000000
1009.017659,33089.400000
1011.049253,33236.200000
1013.079996,33308.000000
1015.109889,33477.000000
1017.138932,33504.400000
1019.167125,33605.800000
1021.194469,33641.600000
1023.220964,33903.600000
1025.246611,33851.000000
1027.271410,33942.200000
1029.295362,33960.600000
1031.318467,34029.400000
1033.340725,34010.400000
1035.362138,34058.400000
1037.382705,34093.800000
1039.402427,33931.600000
1041.421305,33880.600000
1043.439338,33987.200000
1045.456527,34021.400000
1047.472874,34149.400000
1049.488378,34146.600000
1051.503039,34089.400000
1053.516858,33927.800000
1055.529836,34047.800000
1057.541973,34031.200000
1059.553270,34077.600000
1061.563726,34109.400000
1063.573343,34122.400000
1065.582121,34298.600000
1067.590060,34282.800000
1069.597161,34258.400000
1071.603424,34416.800000
1073.608849,34359.000000
1075.613438,34300.000000
1077.617190,34398.400000
1079.620106,34536.400000
1081.622187,34515.800000
1083.623432,34314.200000
1085.623843,34495.600000
1087.623419,34628.800000
1089.622162,34715.600000
1091.620072,34634.600000
1093.617148,34612.800000
1095.613392,34530.800000
1097.608804,34551.000000
1099.603385,34610.200000
1101.597134,34700.800000
1103.590053,34671.400000
1105.582142,34439.800000
1107.573400,34502.400000
1109.563830,34455.800000
1111.553430,34461.000000
1113.542203,34671.000000
1115.530147,34462.000000
1117.517263,34877.000000
1119.503553,34881.800000
1121.489015,35229.800000
1123.473652,35231.600000
1125.457462,35367.000000
1127.440448,35215.800000
1129.422608,34851.400000
1131.403944,34496.000000
1133.384456,34144.400000
1135.364144,34138.200000
1137.343009,34074.800000
1139.321052,33842.400000
1141.298272,33921.800000
1143.274670,33869.200000
1145.250247,33800.400000
1147.225003,33742.600000
1149.198938,33783.400000
1151.172054,33758.200000
1153.144349,33717.000000
1155.115826,33830.200000
1157.086483,33840.400000
1159.056322,33759.000000
1161.025344,33775.400000
1162.993547,33595.800000
1164.960934,33717.800000
1166.927504,33632.000000
1168.893258,33797.200000
1170.858196,33553.800000
1172.822319,33538.800000
1174.785627,33407.400000
1176.748121,33364.200000
1178.709800,33466.200000
1180.670666,33530.200000
1182.630719,33601.400000
1184.589959,33512.000000
1186.548387,33431.400000
1188.506003,33356.400000
1190.462807,33501.000000
1192.418801,33408.600000
1194.373984,33491.800000
1196.328356,33496.200000
1198.281919,33341.800000
1200.234673,33348.800000
1202.186618,33493.400000
1204.137754,33383.200000
1206.088083,33279.400000
1208.037603,33374.200000
1209.986317,33265.200000
1211.934224,33195.400000
1213.881325,33160.200000
1215.827620,33186.600000
1217.773109,33104.400000
1219.717793,33157.600000
1221.661673,33037.400000
1223.604748,32982.800000
1225.547020,33017.400000
1227.488489,32908.200000
1229.429154,32929.200000
1231.369017,32863.800000
1233.308078,32908.800000
1235.246338,33160.800000
1237.183796,33042.000000
1239.120454,33110.400000
1241.056311,33010.200000
1242.991368,33014.800000
1244.925625,32968.800000
1246.859084,33122.200000
1248.791744,33149.000000
1250.723605,33294.800000
1252.654669,33431.800000
1254.584936,33468.000000
1256.514405,33297.600000
1258.443078,33275.000000
1260.370954,33364.200000
1262.298035,33304.200000
1264.224321,33280.800000
1266.149811,33261.000000
1268.074508,33190.000000
1269.998410,33240.200000
1271.921518,33178.000000
1273.843833,33207.000000
1275.765356,33152.600000
1277.686086,33277.400000
1279.606024,33274.400000
1281.525170,33273.200000
1283.443526,33107.400000
1285.361090,33165.000000
1287.277864,33187.400000
1289.193849,33176.000000
1291.109044,33377.000000
1293.023449,33274.800000
1294.937066,33534.200000
1296.849895,33615.800000
1298.761936,33534.800000
1300.673190,33666.600000
1302.583656,33682.800000
1304.493336,33483.400000
1306.402230,33485.000000
1308.310338,33422.800000
1310.217661,33391.200000
1312.124198,33282.600000
1314.029952,32960.600000
1315.934921,33011.800000
1317.839106,32843.200000
1319.742508,32824.200000
1321.645127,32972.600000
1323.546963,32892.800000
1325.448018,32970.200000
1327.348290,32814.200000
1329.247782,32783.200000
1331.146493,32803.200000
1333.044423,32838.800000
1334.941573,32706.600000
1336.837943,32689.600000
1338.733535,32786.400000
1340.628347,33106.600000
1342.522381,32968.800000
1344.415637,33017.200000
1346.308115,32961.600000
1348.199816,32812.800000
1350.090741,32988.200000
1351.980889,32938.800000
1353.870261,32793.600000
1355.758857,32739.600000
1357.646678,32726.800000
1359.533724,32793.200000
1361.419996,32801.200000
1363.305494,32705.200000
1365.190219,32925.800000
1367.074170,32804.000000
1368.957349,33049.200000
1370.839755,32947.200000
1372.721389,32946.200000
1374.602252,32895.200000
1376.482343,33103.200000
1378.361664,33021.400000
1380.240214,32963.400000
1382.117995,32965.000000
1383.995005,32995.800000
1385.871247,32926.600000
1387.746720,32950.400000
1389.621424,32870.000000
1391.495361,32909.200000
1393.368530,33025.000000
1395.240932,32795.000000
1397.112567,32983.400000
1398.983435,32952.400000
1400.853538,33039.000000
1402.722875,33181.200000
1404.591447,33317.600000
1406.459254,33288.000000
1408.326297,33217.400000
1410.192576,33244.800000
1412.058091,33281.400000
1413.922843,33250.000000
1415.786832,33342.200000
1417.650059,33471.800000
1419.512523,33510.200000
1421.374226,33713.200000
1423.235168,34040.400000
1425.095349,34468.200000
1426.954770,35180.200000
1428.813430,36036.600000
1430.671331,37078.000000
1432.528472,37938.000000
1434.384855,38341.800000
1436.240479,38158.600000
1438.095345,37992.800000
1439.949454,37719.600000
1441.802805,37314.400000
1443.655399,36933.000000
1445.507237,36760.000000
1447.358318,36573.200000
1449.208644,36604.000000
1451.058214,36474.400000
1452.907030,36512.400000
1454.755090,36461.400000
1456.602397,36245.000000
1458.448950,35771.000000
1460.294749,35556.200000
1462.139796,35116.800000
1463.984089,34682.200000
1465.827631,34170.200000
1467.670420,33612.800000
1469.512458,33178.200000
1471.353745,32775.000000
1473.194282,32296.400000
1475.034068,32077.400000
1476.873104,31853.200000
1478.711390,31671.800000
1480.548928,31419.400000
1482.385716,31273.400000
1484.221756,31173.200000
1486.057049,31200.800000
1487.891593,31102.200000
1489.725390,31112.200000
1491.558441,30974.200000
1493.390745,30805.600000
1495.222302,30834.600000
1497.053115,30819.600000
1498.883181,30782.000000
1500.712503,30766.800000
1502.541080,30571.600000
1504.368914,30441.800000
1506.196003,30515.400000
1508.022349,30585.600000
1509.847952,30455.000000
1511.672812,30369.200000
1513.496930,30256.800000
1515.320306,30275.200000
1517.142940,29960.000000
1518.964833,29960.000000
1520.785986,29738.200000
1522.606398,29578.800000
1524.426070,29647.200000
1526.245003,29499.400000
1528.063196,29466.800000
1529.880650,29421.400000
1531.697366,29358.200000
1533.513344,29173.600000
1535.328584,29208.600000
1537.143087,29311.000000
1538.956852,29272.200000
1540.769882,29122.800000
1542.582174,29035.600000
1544.393731,28976.600000
1546.204553,29049.000000
1548.014639,28904.800000
1549.823991,28909.000000
1551.632608,28803.800000
1553.440492,28776.600000
1555.247641,28719.800000
1557.054058,28803.600000
1558.859741,28844.200000
1560.664693,28729.400000
1562.468912,28620.400000
1564.272399,28680.000000
1566.075155,28651.600000
1567.877180,28705.800000
1569.678474,28642.600000
1571.479038,28565.000000
1573.278872,28563.600000
1575.077977,28482.200000
1576.876352,28646.400000
1578.673999,28650.000000
1580.470917,28518.200000
1582.267107,28469.000000
1584.062570,28541.800000
1585.857305,28509.600000
1587.651313,28532.600000
1589.444595,28480.000000
1591.237151,28598.000000
1593.028981,28563.200000
1594.820085,28601.200000
1596.610464,28416.200000
1598.400119,28574.000000
1600.189049,28560.200000
1601.977255,28553.000000
1603.764738,28439.600000
1605.551497,28607.800000
1607.337534,28462.400000
1609.122848,28477.800000
1610.907440,28473.400000
1612.691310,28390.200000
1614.474458,28362.000000
1616.256886,28484.000000
1618.038593,28234.800000
1619.819579,28421.600000
1621.599846,28290.600000
1623.379393,28287.000000
1625.158221,28253.200000
1626.936330,28208.000000
1628.713720,28267.200000
1630.490393,28279.800000
1632.266347,28443.600000
1634.041584,28520.600000
1635.816104,28375.200000
1637.589908,28293.200000
1639.362995,28387.600000
1641.135366,28383.800000
1642.907021,28297.800000
1644.677961,28201.600000
1646.448187,28274.800000
1648.217698,28107.600000
1649.986494,27994.800000
1651.754577,27952.400000
1653.521947,27863.200000
1655.288603,27907.400000
1657.054547,27725.000000
1658.819778,27644.800000
1660.584297,27674.800000
1662.348105,27527.200000
1664.111201,27288.600000
1665.873586,27304.400000
1667.635261,27224.400000
1669.396226,27289.200000
1671.156480,27211.200000
1672.916026,27022.600000
1674.674862,27123.800000
1676.432989,27290.200000
1678.190408,27090.000000
1679.947118,26977.000000
1681.703122,26964.000000
1683.458417,26908.800000
1685.213006,26804.800000
1686.966888,26821.400000
1688.720064,26885.800000
1690.472533,27055.600000
1692.224298,26860.600000
1693.975357,26892.800000
1695.725711,26916.600000
1697.475360,26874.200000
1699.224305,26878.000000
1700.972547,26719.400000
1702.720085,26758.400000
1704.466920,26715.000000
1706.213052,26673.800000
1707.958482,26542.800000
1709.703210,26538.200000
1711.447236,26629.600000
1713.190560,26659.600000
1714.933184,26704.800000
1716.675107,26610.000000
1718.416329,26507.000000
1720.156852,26734.800000
1721.896675,26661.200000
1723.635799,26843.000000
1725.374224,26694.800000
1727.111950,26662.200000
1728.848979,26659.200000
1730.585309,26525.600000
1732.320942,26599.800000
1734.055877,26589.800000
1735.790116,26503.400000
1737.523658,26536.800000
1739.256505,26564.600000
1740.988655,26470.400000
1742.720110,26400.400000
1744.450870,26419.800000
1746.180935,26466.400000
1747.910306,26448.600000
1749.638983,26401.400000
1751.366966,26266.200000
1753.094255,26176.800000
1754.820852,26197.400000
1756.546756,26198.000000
1758.271968,26159.200000
1759.996488,26229.600000
1761.720316,26069.400000
1763.443453,25817.400000
1765.165899,25824.800000
1766.887654,25763.400000
1768.608719,25731.800000
1770.329094,25556.000000
1772.048780,25448.600000
1773.767776,25503.600000
1775.486084,25391.400000
1777.203703,25266.200000
1778.920634,25382.200000
1780.636877,25347.000000
1782.352432,25218.400000
1784.067301,25135.000000
1785.781482,25163.000000
1787.494977,25124.800000
1789.207786,25094.200000
1790.919909,25032.000000
1792.631346,24984.600000
1794.342099,24947.800000
1796.052166,24800.800000
1797.761550,24967.600000
1799.470249,24973.800000
1801.178264,24934.800000
1802.885596,24975.600000
1804.592245,24808.200000
1806.298211,24710.600000
1808.003495,24689.600000
1809.708096,24627.600000
1811.412016,24662.000000
1813.115254,24647.400000
1814.817812,24640.400000
1816.519688,24516.800000
1818.220885,24505.600000
1819.921401,24522.200000
1821.621237,24404.600000
1823.320394,24222.800000
1825.018872,24272.600000
1826.716672,24155.400000
1828.413793,24155.600000
1830.110236,24121.400000
1831.806001,24135.800000
1833.501089,24024.400000
1835.195500,24126.800000
1836.889234,24073.600000
1838.582291,23970.800000
1840.274673,23837.200000
1841.966379,23946.400000
1843.657410,23838.200000
1845.347765,23793.600000
1847.037446,23794.400000
1848.726453,23725.200000
1850.414785,23714.600000
1852.102444,23600.200000
1853.789429,23427.800000
1855.475742,23526.600000
1857.161381,23451.400000
1858.846349,23332.800000
1860.530644,23346.800000
1862.214267,23247.400000
1863.897220,23062.400000
1865.579501,23000.000000
1867.261111,22947.200000
1868.942051,22911.600000
1870.622321,22796.600000
1872.301921,22814.800000
1873.980851,22778.600000
1875.659113,22797.600000
1877.336706,22677.600000
1879.013630,22633.400000
1880.689887,22566.400000
1882.365475,22445.600000
1884.040396,22373.200000
1885.714650,22502.600000
1887.388238,22593.000000
1889.061158,22319.600000
1890.733413,22360.000000
1892.405002,22341.000000
1894.075925,22369.400000
1895.746183,22384.200000
1897.415777,22266.200000
1899.084706,22241.800000
1900.752970,22294.000000
1902.420571,22193.400000
1904.087508,22236.200000
1905.753783,22165.800000
1907.419394,22140.800000
1909.084342,22024.000000
1910.748629,22068.000000
1912.412253,22048.400000
1914.075216,21896.000000
1915.737518,21948.000000
1917.399159,21838.600000
1919.060139,21892.000000
1920.720459,21892.400000
1922.380119,21739.000000
1924.039119,21765.200000
1925.697460,21831.600000
1927.355142,21762.200000
1929.012165,21766.800000
1930.668530,21765.800000
1932.324237,21609.400000
1933.979286,21609.400000
1935.633677,21541.000000
1937.287412,21538.200000
1938.940490,21575.400000
1940.592911,21514.000000
1942.244677,21472.800000
1943.895786,21516.800000
1945.546240,21513.200000
1947.196039,21445.600000
1948.845183,21434.400000
1950.493673,21309.800000
1952.141508,21253.600000
1953.788690,21293.200000
1955.435218,21357.400000
1957.081092,21196.200000
1958.726314,21202.400000
1960.370883,21267.000000
1962.014800,21233.000000
1963.658065,21249.600000
1965.300678,21189.800000
1966.942640,21140.600000
1968.583951,21017.800000
1970.224611,21004.000000
1971.864620,20928.600000
1973.503980,20801.200000
1975.142690,20843.000000
1976.780750,20808.200000
1978.418162,20824.800000
1980.054924,20735.600000
1981.691038,20674.200000
1983.326504,20653.800000
1984.961322,20733.800000
1986.595492,20606.000000
1988.229015,20575.600000
1989.861891,20631.000000
1991.494121,20621.800000
1993.125704,20677.400000
1994.756641,20541.800000
1996.386933,20568.400000
1998.016579,20581.400000
1999.645580,20667.800000
2001.273936,20643.800000
2002.901648,20561.600000
2004.528716,20477.600000
2006.155140,20519.800000
2007.780921,20501.600000
2009.406058,20497.200000
2011.030552,20377.400000
2012.654404,20304.400000
2014.277614,20300.800000
2015.900182,20402.000000
2017.522108,20264.800000
2019.143392,20270.400000
2020.764036,20292.600000
2022.384039,20268.000000
2024.003402,20271.400000
2025.622124,20224.000000
2027.240207,20177.000000
2028.857650,20078.000000
2030.474454,20165.600000
2032.090619,20109.200000
2033.706146,20067.800000
2035.321035,20074.200000
2036.935285,20043.600000
2038.548898,20061.000000
2040.161874,19865.400000
2041.774212,19920.600000
2043.385914,19815.600000
2044.996979,19851.200000
2046.607409,19770.400000
2048.217202,19923.600000
2049.826360,19862.800000
2051.434883,19754.800000
2053.042771,19648.000000
2054.650025,19537.200000
2056.256644,19576.800000
2057.862629,19519.200000
2059.467981,19463.600000
2061.072699,19453.800000
2062.676784,19341.600000
2064.280237,19316.200000
2065.883057,19256.600000
2067.485245,19329.000000
2069.086801,19277.800000
2070.687725,19259.400000
2072.288019,19136.200000
2073.887681,19131.000000
2075.486713,19020.800000
2077.085114,18934.800000
2078.682886,19037.400000
2080.280027,19109.000000
2081.876540,18968.400000
2083.472423,18895.000000
2085.067677,18888.200000
2086.662303,18957.000000
2088.256301,18806.200000
2089.849671,18849.600000
2091.442413,18753.800000
2093.034528,18759.800000
2094.626016,18737.000000
2096.216877,18637.800000
2097.807112,18684.600000
2099.396720,18610.400000
2100.985703,18661.200000
2102.574060,18620.200000
2104.161793,18602.400000
2105.748900,18520.200000
2107.335382,18481.800000
2108.921241,18468.000000
2110.506475,18428.800000
2112.091086,18351.200000
2113.675073,18374.800000
2115.258437,18170.600000
2116.841178,18276.400000
2118.423297,18201.200000
2120.004793,18109.400000
2121.585668,18094.800000
2123.165920,18024.800000
2124.745552,17959.400000
2126.324562,17980.400000
2127.902952,17887.600000
2129.480721,17887.000000
2131.057870,17856.200000
2132.634400,17689.800000
2134.210309,17653.200000
2135.785600,17664.200000
2137.360271,17565.600000
2138.934324,17512.200000
2140.507758,17554.600000
2142.080574,17516.600000
2143.652773,17495.800000
2145.224354,17507.200000
2146.795317,17378.000000
2148.365664,17350.600000
2149.935394,17288.800000
2151.504508,17267.200000
2153.073006,17232.200000
2154.640888,17188.000000
2156.208154,17094.200000
2157.774805,17110.400000
2159.340842,17086.800000
2160.906264,16917.600000
2162.471071,16948.200000
2164.035265,16919.800000
2165.598845,16808.600000
2167.161811,16869.800000
2168.724165,16693.800000
2170.285905,16726.000000
2171.847033,16714.200000
2173.407549,16629.600000
2174.967452,16657.400000
2176.526744,16631.800000
2178.085425,16538.800000
2179.643494,16468.800000
2181.200953,16456.200000
2182.757801,16451.600000
2184.314039,16355.600000
2185.869667,16368.800000
2187.424685,16330.200000
2188.979094,16329.600000
2190.532894,16225.400000
2192.086085,16149.600000
2193.638668,16092.000000
2195.190642,16026.600000
2196.742009,15958.200000
2198.292767,15921.200000
2199.842919,15904.400000
2201.392463,16052.800000
2202.941400,15970.600000
2204.489731,15894.800000
2206.037456,15923.800000
2207.584575,15842.200000
2209.131088,15842.000000
2210.676996,15791.200000
2212.222299,15777.000000
2213.766997,15756.600000
2215.311090,15795.800000
2216.854580,15739.000000
2218.397465,15732.600000
2219.939747,15665.600000
2221.481425,15530.000000
2223.022500,15486.000000
2224.562973,15508.200000
2226.102843,15532.600000
2227.642110,15419.000000
2229.180776,15483.800000
2230.718840,15514.800000
2232.256303,15462.200000
2233.793164,15381.600000
2235.329425,15333.400000
2236.865085,15342.400000
2238.400145,15324.800000
2239.934605,15327.000000
2241.468466,15289.200000
2243.001726,15233.800000
2244.534388,15140.400000
2246.066451,15263.400000
2247.597915,15266.000000
2249.128781,15204.400000
2250.659049,15084.000000
2252.188720,15146.200000
2253.717793,15091.600000
2255.246268,15020.800000
2256.774147,15016.200000
2258.301429,15034.000000
2259.828115,14930.800000
2261.354205,14893.000000
2262.879699,15007.800000
2264.404598,14909.400000
2265.928901,14825.600000
2267.452609,14824.800000
2268.975723,14775.200000
2270.498242,14758.800000
2272.020168,14783.200000
2273.541499,14744.400000
2275.062237,14644.800000
2276.582382,14651.800000
2278.101933,14532.200000
2279.620892,14463.800000
2281.139259,14489.200000
2282.657033,14431.200000
2284.174216,14392.600000
2285.690806,14285.400000
2287.206806,14215.200000
2288.722214,14167.200000
2290.237032,14004.400000
2291.751259,13898.400000
2293.264896,13712.600000
2294.777943,13690.200000
2296.290400,13591.000000
2297.802268,13457.200000
2299.313547,13379.600000
2300.824237,13257.200000
2302.334338,13183.800000
2303.843851,13097.800000
2305.352776,13019.800000
2306.861113,12875.600000
2308.368863,12859.000000
2309.876026,12802.800000
2311.382601,12830.000000
2312.888590,12801.200000
2314.393992,12726.200000
2315.898809,12711.600000
2317.403039,12757.400000
2318.906684,12817.800000
2320.409744,12880.000000
2321.912218,12844.400000
2323.414108,12987.800000
2324.915414,12998.800000
2326.416135,13007.600000
2327.916272,13128.800000
2329.415825,13222.400000
2330.914795,13318.000000
2332.413182,13275.800000
2333.910986,13361.200000
2335.408208,13391.600000
2336.904847,13363.600000
2338.400904,13434.200000
2339.896379,13576.200000
2341.391273,13568.800000
2342.885586,13542.200000
2344.379317,13530.800000
2345.872468,13540.000000
2347.365038,13495.600000
2348.857029,13503.800000
2350.348439,13580.800000
2351.839270,13590.200000
2353.329521,13537.600000
2354.819193,13562.800000
2356.308286,13514.200000
2357.796801,13473.800000
2359.284738,13506.000000
2360.772096,13444.200000
2362.258877,13503.400000
2363.745080,13389.000000
2365.230706,13434.600000
2366.715755,13371.600000
2368.200227,13392.600000
2369.684123,13270.200000
2371.167443,13315.800000
2372.650187,13224.800000
2374.132355,13226.400000
2375.613948,13233.000000
2377.094965,13214.400000
2378.575408,13174.000000
2380.055276,13080.800000
2381.534570,13014.400000
2383.013290,13136.600000
2384.491436,13095.800000
2385.969009,13002.000000
2387.446008,12931.400000
2388.922435,12905.400000
2390.398288,12944.800000
2391.873569,12892.800000
2393.348278,12854.000000
2394.822415,12889.000000
2396.295981,12782.200000
2397.768975,12730.800000
2399.241397,12624.400000
2400.713249,12607.800000
2402.184531,12554.600000
2403.655242,12601.400000
2405.125382,12622.200000
2406.594953,12565.200000
2408.063955,12551.200000
2409.532387,12467.800000
2411.000250,12377.600000
2412.467544,12311.400000
2413.934270,12326.000000
2415.400427,12278.800000
2416.866017,12308.200000
2418.331038,12312.600000
2419.795492,12243.200000
2421.259379,12205.800000
2422.722699,12158.000000
2424.185452,12131.400000
2425.647639,12079.600000
2427.109260,12036.200000
2428.570315,12054.200000
2430.030804,12037.600000
2431.490727,11975.200000
2432.950086,11950.000000
2434.408879,11895.200000
2435.867108,11922.600000
2437.324772,11880.000000
2438.781873,11800.400000
2440.238409,11793.600000
2441.694382,11811.600000
2443.149792,11738.200000
2444.604638,11740.400000
2446.058922,11691.200000
2447.512643,11685.000000
2448.965802,11664.600000
2450.418398,11548.800000
2451.870433,11561.000000
2453.321906,11500.600000
2454.772818,11489.400000
2456.223169,11527.600000
2457.672959,11435.800000
2459.122189,11471.400000
2460.570858,11466.200000
2462.018967,11424.600000
2463.466517,11391.800000
2464.913507,11327.200000
2466.359938,11253.200000
2467.805810,11254.200000
2469.251123,11212.800000
2470.695877,11213.400000
2472.140073,11121.400000
2473.583712,11113.600000
2475.026792,11039.200000
2476.469315,10999.600000
2477.911281,10983.400000
2479.352690,11016.600000
2480.793542,10966.000000
2482.233838,10913.600000
2483.673578,10891.200000
2485.112761,10834.000000
2486.551389,10876.200000
2487.989461,10810.600000
2489.426978,10782.800000
2490.863941,10788.000000
2492.300348,10758.000000
2493.736201,10715.600000
2495.171500,10697.800000
2496.606245,10638.000000
2498.040436,10580.000000
2499.474074,10566.600000
2500.907159,10530.400000
2502.339690,10509.000000
2503.771669,10446.200000
2505.203096,10435.000000
2506.633970,10368.800000
2508.064293,10405.000000
2509.494063,10332.800000
2510.923283,10318.800000
2512.351951,10280.600000
2513.780068,10231.600000
2515.207634,10255.400000
2516.634650,10203.400000
2518.061116,10118.000000
2519.487032,10105.000000
2520.912398,10073.000000
2522.337215,10056.000000
2523.761482,10047.400000
2525.185201,9951.200000
2526.608370,9899.800000
2528.030992,9937.600000
2529.453065,9864.400000
2530.874590,9790.600000
2532.295568,9811.400000
2533.715998,9797.000000
2535.135880,9766.800000
2536.555216,9746.600000
2537.974005,9715.000000
2539.392248,9730.200000
2540.809944,9691.800000
2542.227094,9672.200000
2543.643699,9631.800000
2545.059758,9580.200000
2546.475272,9545.000000
2547.890241,9569.200000
2549.304665,9543.800000
2550.718544,9553.000000
2552.131880,9464.800000
2553.544671,9477.000000
2554.956918,9434.400000
2556.368622,9388.200000
2557.779783,9313.400000
2559.190400,9302.000000
2560.600475,9315.000000
2562.010007,9256.600000
2563.418997,9268.000000
2564.827445,9245.000000
2566.235351,9155.800000
2567.642715,9174.400000
2569.049538,9141.000000
2570.455820,9121.600000
2571.861561,9137.800000
2573.266762,9062.800000
2574.671422,9080.200000
2576.075542,9017.200000
2577.479122,8988.800000
2578.882162,8941.600000
2580.284663,8886.800000
2581.686625,8898.200000
2583.088048,8904.800000
2584.488932,8882.600000
2585.889278,8818.200000
2587.289086,8820.600000
2588.688355,8770.400000
2590.087087,8744.400000
2591.485281,8741.800000
2592.882938,8662.400000
2594.280059,8639.800000
2595.676642,8572.400000
2597.072689,8586.200000
2598.468199,8463.600000
2599.863174,8499.800000
2601.257613,8482.800000
2602.651516,8361.800000
2604.044884,8382.600000
2605.437717,8284.800000
2606.830014,8249.200000
2608.221778,8219.600000
2609.613007,8169.000000
2611.003702,8068.000000
2612.393862,8045.600000
2613.783490,7949.400000
2615.172584,7855.400000
2616.561144,7827.000000
2617.949172,7731.200000
2619.336667,7727.800000
2620.723630,7668.200000
2622.110060,7544.600000
2623.495958,7474.800000
2624.881325,7446.200000
2626.266160,7370.000000
2627.650464,7260.600000
2629.034236,7243.400000
2630.417478,7220.000000
2631.800190,7138.000000
2633.182371,7092.200000
2634.564022,7047.200000
2635.945143,7020.800000
2637.325734,7011.800000
2638.705796,6982.600000
2640.085329,6964.600000
2641.464333,6926.000000
2642.842808,6933.000000
2644.220755,6931.200000
2645.598173,6919.200000
2646.975064,6919.800000
2648.351427,6976.200000
2649.727262,6966.800000
2651.102570,6999.000000
2652.477351,6987.600000
2653.851605,6999.400000
2655.225333,6961.000000
2656.598534,7054.600000
2657.971209,7110.000000
2659.343358,7080.000000
2660.714982,7156.600000
2662.086080,7220.600000
2663.456653,7236.600000
2664.826701,7313.800000
2666.196224,7297.400000
2667.565223,7318.200000
2668.933697,7321.400000
2670.301648,7306.600000
2671.669075,7385.200000
2673.035978,7440.000000
2674.402357,7389.000000
2675.768214,7457.000000
2677.133548,7461.400000
2678.498359,7489.400000
2679.862648,7537.800000
2681.226414,7522.400000
2682.589659,7478.800000
2683.952382,7567.400000
2685.314583,7553.000000
2686.676264,7553.000000
2688.037423,7554.400000
2689.398061,7582.400000
2690.758179,7579.800000
2692.117776,7628.000000
2693.476854,7658.800000
2694.835411,7646.000000
2696.193449,7674.400000
2697.550967,7646.000000
2698.907966,7663.400000
2700.264447,7671.400000
2701.620408,7699.400000
2702.975851,7726.200000
2704.330776,7695.600000
2705.685182,7709.000000
2707.039071,7705.400000
2708.392442,7712.200000
2709.745296,7715.400000
2711.097633,7742.600000
2712.449453,7730.600000
2713.800756,7786.400000
2715.151542,7786.200000
2716.501813,7748.800000
2717.851567,7743.600000
2719.200806,7707.600000
2720.549529,7711.800000
2721.897737,7678.600000
2723.245429,7690.200000
2724.592607,7663.800000
2725.939270,7626.800000
2727.285419,7590.600000
2728.631053,7512.000000
2729.976173,7474.600000
2731.320780,7447.600000
2732.664873,7439.600000
2734.008453,7362.400000
2735.351520,7373.600000
2736.694074,7295.400000
2738.036115,7246.800000
2739.377644,7247.800000
2740.718661,7176.600000
2742.059166,7097.200000
2743.399159,7063.200000
2744.738641,7081.000000
2746.077611,7044.000000
2747.416070,7005.600000
2748.754018,6999.600000
2750.091456,6905.600000
2751.428384,6885.000000
2752.764801,6899.400000
2754.100708,6903.600000
2755.436106,6918.400000
2756.770994,6814.400000
2758.105372,6780.000000
2759.439242,6741.800000
2760.772603,6735.600000
2762.105455,6656.400000
2763.437799,6664.800000
2764.769635,6609.000000
2766.100963,6609.200000
2767.431783,6607.000000
2768.762095,6533.800000
2770.091901,6558.600000
2771.421199,6520.600000
2772.749990,6527.600000
2774.078275,6501.200000
2775.406053,6476.000000
2776.733325,6447.200000
2778.060091,6416.200000
2779.386352,6399.600000
2780.712107,6384.800000
2782.037356,6409.200000
2783.362101,6377.800000
2784.686341,6360.800000
2786.010076,6347.800000
2787.333306,6317.600000
2788.656033,6327.800000
2789.978255,6271.600000
2791.299974,6300.600000
2792.621189,6304.400000
2793.941901,6276.600000
2795.262109,6275.600000
2796.581815,6210.400000
2797.901018,6215.000000
2799.219719,6133.400000
2800.537917,6125.600000
2801.855614,6119.200000
2803.172808,6058.200000
2804.489501,6063.400000
2805.805693,6046.000000
2807.121383,6029.400000
2808.436573,5996.200000
2809.751262,6016.400000
2811.065450,5978.600000
2812.379138,6014.800000
2813.692326,6046.400000
2815.005014,6096.200000
2816.317202,6123.600000
2817.628891,6197.800000
2818.940081,6269.000000
2820.250772,6264.800000
2821.560964,6362.200000
2822.870658,6412.200000
2824.179853,6568.000000
2825.488550,6679.800000
2826.796749,6830.000000
2828.104450,7015.400000
2829.411654,7212.000000
2830.718361,7538.200000
2832.024571,7878.200000
2833.330284,8190.000000
2834.635500,8486.000000
2835.940219,8738.400000
2837.244443,8835.800000
2838.548171,8941.200000
2839.851402,8921.400000
2841.154139,8893.600000
2842.456380,8870.600000
2843.758125,8802.600000
2845.059376,8699.800000
2846.360132,8626.000000
2847.660394,8562.400000
2848.960161,8510.000000
2850.259435,8399.200000
2851.558214,8324.400000
2852.856500,8250.800000
2854.154292,8182.400000
2855.451591,8123.400000
2856.748398,8096.000000
2858.044711,8067.200000
2859.340532,8024.400000
2860.635860,8042.200000
2861.930697,8027.600000
2863.225041,7964.800000
2864.518893,7948.400000
2865.812254,7890.400000
2867.105124,7895.800000
2868.397503,7812.400000
2869.689391,7764.400000
2870.980788,7740.200000
2872.271694,7772.400000
2873.562111,7695.000000
2874.852037,7649.200000
2876.141473,7603.200000
2877.430420,7568.000000
2878.718877,7508.000000
2880.006846,7504.200000
2881.294325,7451.400000
2882.581315,7413.000000
2883.867817,7425.800000
2885.153830,7378.200000
2886.439355,7358.600000
2887.724393,7400.400000
2889.008942,7267.600000
2890.293004,7262.600000
2891.576579,7169.400000
2892.859666,7226.400000
2894.142267,7119.400000
2895.424381,7006.400000
2896.706008,6932.400000
2897.987149,6907.000000
2899.267804,6846.000000
2900.547973,6793.800000
2901.827657,6715.200000
2903.106855,6650.400000
2904.385568,6555.600000
2905.663795,6515.400000
2906.941538,6499.200000
2908.218796,6427.400000
2909.495570,6367.800000
2910.771860,6335.800000
2912.047665,6293.400000
2913.322987,6238.000000
2914.597825,6221.000000
2915.872180,6180.000000
2917.146051,6151.800000
2918.419440,6146.200000
2919.692345,6079.800000
2920.964768,6034.000000
2922.236709,6022.800000
2923.508168,5985.200000
2924.779144,5910.200000
2926.049639,5885.600000
2927.319653,5880.000000
2928.589184,5782.000000
2929.858235,5707.400000
2931.126805,5627.600000
2932.394894,5511.800000
2933.662503,5371.200000
2934.929631,5285.000000
2936.196279,5176.400000
2937.462447,5085.400000
2938.728136,5023.400000
2939.993345,4950.000000
2941.258075,4894.600000
2942.522325,4830.800000
2943.786097,4780.600000
2945.049390,4716.200000
2946.312204,4672.600000
2947.574540,4604.400000
2948.836398,4539.600000
2950.097779,4534.400000
2951.358681,4468.600000
2952.619106,4435.600000
2953.879054,4414.600000
2955.138524,4337.800000
2956.397518,4323.800000
2957.656035,4279.200000
2958.914076,4195.200000
2960.171640,4194.400000
2961.428728,4105.400000
2962.685340,4126.000000
2963.941477,4080.000000
2965.197138,3998.000000
2966.452324,3943.200000
2967.707035,3899.400000
2968.961271,3869.800000
2970.215032,3810.400000
2971.468319,3807.400000
2972.721131,3759.000000
2973.973470,3735.800000
2975.225334,3653.800000
2976.476725,3622.600000
2977.727643,3627.400000
2978.978087,3576.200000
2980.228058,3510.000000
2981.477556,3541.600000
2982.726581,3463.600000
2983.975135,3424.000000
2985.223215,3405.200000
2986.470824,3359.000000
2987.717961,3313.400000
2988.964626,3301.600000
2990.210819,3274.200000
2991.456542,3232.000000
2992.701793,3196.600000
2993.946573,3131.400000
2995.190883,3144.000000
2996.434722,3099.200000
2997.678091,3039.200000
2998.920990,3021.800000
3000.163418,2991.000000
3001.405378,2964.200000
3002.646867,2931.200000
3003.887888,2909.000000
3005.128439,2862.400000
3006.368521,2816.600000
3007.608135,2784.200000
3008.847280,2761.400000
3010.085956,2701.200000
3011.324165,2651.400000
3012.561905,2674.800000
3013.799178,2629.800000
3015.035984,2615.400000
3016.272322,2585.800000
3017.508192,2574.600000
3018.743596,2502.800000
3019.978533,2537.400000
3021.213004,2479.600000
3022.447008,2467.800000
3023.680546,2454.200000
3024.913618,2400.800000
3026.146224,2405.000000
3027.378365,2396.000000
3028.610040,2370.200000
3029.841250,2370.600000
3031.071995,2344.600000
3032.302275,2345.800000
3033.532090,2314.200000
3034.761442,2251.800000
3035.990328,2250.400000
3037.218751,2266.800000
3038.446710,2265.200000
3039.674205,2243.800000
3040.901237,2249.000000
3042.127806,2231.800000
3043.353911,2222.200000
3044.579554,2224.600000
3045.804734,2191.400000
3047.029451,2185.800000
3048.253706,2187.200000
3049.477499,2163.600000
3050.700831,2160.400000
3051.923700,2130.200000
3053.146108,2116.800000
3054.368054,2116.000000
3055.589539,2092.800000
3056.810564,2063.000000
3058.031127,2070.000000
3059.251230,2064.200000
3060.470873,2048.400000
3061.690055,2032.600000
3062.908778,2027.000000
3064.127040,2024.200000
3065.344843,2004.000000
3066.562187,2014.600000
3067.779071,2008.600000
3068.995497,1977.400000
3070.211463,1969.800000
3071.426971,2002.000000
3072.642020,2006.800000
3073.856611,1983.400000
3075.070744,1997.200000
3076.284419,1981.600000
3077.497636,1995.200000
3078.710395,2006.000000
3079.922698,2018.600000
3081.134543,2035.600000
3082.345931,2042.600000
3083.556863,2056.400000
3084.767337,2068.200000
3085.977356,2036.200000
3087.186918,2058.000000
3088.396024,2059.800000
3089.604675,2091.000000
3090.812869,2046.800000
3092.020609,2073.400000
3093.227893,2080.400000
3094.434722,2063.200000
3095.641096,2077.600000
3096.847015,2057.000000
3098.052480,2059.000000
3099.257490,2080.800000
3100.462047,2062.200000
3101.666149,2053.200000
3102.869798,2058.000000
3104.072993,2067.600000
3105.275735,2072.800000
3106.478023,2068.000000
3107.679858,2039.200000
3108.881241,2065.800000
3110.082171,2081.600000
3111.282649,2033.800000
3112.482674,2039.400000
3113.682247,2030.600000
3114.881368,2028.000000
3116.080038,2018.800000
3117.278256,2044.200000
3118.476022,2016.200000
3119.673338,1999.400000
3120.870202,2007.600000
3122.066616,1981.800000
3123.262579,1994.000000
3124.458092,1989.600000
3125.653155,1976.200000
3126.847767,1983.400000
3128.041930,1969.600000
3129.235642,1970.200000
3130.428906,1972.000000
3131.621720,1937.200000
3132.814085,1965.000000
3134.006001,1936.400000
3135.197468,1918.200000
3136.388487,1892.800000
3137.579057,1865.200000
3138.769179,1897.200000
3139.958854,1898.000000
3141.148080,1862.200000
3142.336858,1885.200000
3143.525190,1884.200000
3144.713073,1851.400000
3145.900510,1820.000000
3147.087500,1859.200000
3148.274043,1830.200000
3149.460140,1806.400000
3150.645790,1801.600000
3151.830994,1806.600000
3153.015752,1818.400000
3154.200064,1802.600000
3155.383930,1811.600000
3156.567351,1773.000000
3157.750327,1783.200000
3158.932858,1794.000000
3160.114943,1787.200000
3161.296584,1755.800000
3162.477781,1727.200000
3163.658533,1746.000000
3164.838841,1755.600000
3166.018704,1735.400000
3167.198125,1689.800000
3168.377101,1670.400000
3169.555634,1699.600000
3170.733723,1683.600000
3171.911370,1695.000000
3173.088574,1708.000000
3174.265334,1680.800000
3175.441653,1679.200000
3176.617529,1672.200000
3177.792962,1651.000000
3178.967954,1658.800000
3180.142504,1645.800000
3181.316612,1640.200000
3182.490278,1639.000000
3183.663504,1629.600000
3184.836288,1605.200000
3186.008631,1631.200000
3187.180534,1602.600000
3188.351996,1587.800000
3189.523017,1600.400000
3190.693599,1599.800000
3191.863740,1599.000000
3193.033441,1572.800000
3194.202703,1567.400000
3195.371525,1570.200000
3196.539908,1555.400000
3197.707851,1545.400000
3198.875356,1527.800000
3200.042422,1522.600000
3201.209049,1525.600000
3202.375238,1528.000000
3203.540988,1546.800000
3204.706301,1524.600000
3205.871175,1514.200000
3207.035612,1495.800000
3208.199611,1501.600000
3209.363173,1499.600000
3210.526297,1487.400000
3211.688985,1489.200000
3212.851236,1476.200000
3214.013050,1465.200000
3215.174427,1465.000000
3216.335368,1452.800000
3217.495873,1427.000000
3218.655942,1445.800000
3219.815575,1424.200000
3220.974773,1420.800000
3222.133535,1424.400000
3223.291862,1402.200000
3224.449754,1396.600000
3225.607211,1408.800000
3226.764233,1394.600000
3227.920820,1379.800000
3229.076974,1355.400000
3230.232693,1352.000000
3231.387977,1332.200000
3232.542829,1332.800000
3233.697246,1339.000000
3234.851230,1324.000000
3236.004780,1306.000000
3237.157897,1312.000000
3238.310582,1272.600000
3239.462833,1279.200000
3240.614652,1245.800000
3241.766038,1253.800000
3242.916992,1211.800000
3244.067514,1217.600000
3245.217604,1183.000000
3246.367263,1167.000000
3247.516489,1134.000000
3248.665284,1107.400000
3249.813648,1098.400000
3250.961581,1071.400000
3252.109083,1028.200000
3253.256154,992.800000
3254.402795,981.000000
3255.549005,959.600000
3256.694785,950.800000
3257.840135,908.400000
3258.985055,902.000000
3260.129545,845.600000
3261.273606,852.200000
3262.417237,807.200000
3263.560439,789.200000
3264.703213,780.000000
3265.845557,773.800000
3266.987473,766.200000
3268.128960,735.200000
3269.270019,721.000000
3270.410650,722.200000
3271.550852,682.000000
3272.690627,691.000000
3273.829974,678.400000
3274.968894,686.400000
3276.107387,662.600000
3277.245452,657.600000
3278.383090,641.600000
3279.520302,651.400000
3280.657087,633.800000
3281.793445,640.600000
3282.929378,610.200000
3284.064884,618.000000
3285.199964,604.000000
3286.334618,608.000000
3287.468847,579.600000
3288.602650,580.600000
3289.736029,602.200000
3290.868982,581.000000
3292.001510,594.800000
3293.133613,584.000000
3294.265292,547.600000
3295.396546,588.800000
3296.527376,578.800000
3297.657782,548.000000
3298.787764,556.000000
3299.917322,561.200000
3301.046457,574.800000
3302.175169,552.600000
3303.303457,555.600000
3304.431322,573.600000
3305.558764,555.000000
3306.685783,560.600000
3307.812380,546.200000
3308.938555,542.000000
3310.064307,538.800000
3311.189637,531.200000
3312.314545,527.400000
3313.439032,546.200000
3314.563097,534.600000
3315.686740,533.000000
3316.809963,545.800000
3317.932764,538.800000
3319.055144,536.200000
3320.177104,545.800000
3321.298643,530.400000
3322.419762,522.200000
3323.540460,534.800000
3324.660739,521.800000
3325.780597,519.000000
3326.900036,537.000000
3328.019055,536.400000
3329.137655,531.200000
3330.255836,529.800000
3331.373597,549.800000
3332.490940,521.800000
3333.607864,505.200000
3334.724369,519.000000
3335.840456,524.400000
3336.956125,524.800000
3338.071376,521.600000
3339.186209,495.800000
3340.300624,500.800000
3341.414621,516.400000
3342.528201,499.200000
3343.641364,516.400000
3344.754110,468.000000
3345.866438,497.000000
3346.978350,485.400000
3348.089846,493.400000
3349.200925,480.600000
3350.311588,485.200000
3351.421834,484.000000
3352.531665,460.800000
3353.641080,460.200000
3354.750079,470.600000
3355.858663,464.800000
3356.966832,455.200000
3358.074585,463.600000
3359.181924,472.200000
3360.288848,459.000000
3361.395357,458.200000
3362.501451,445.000000
3363.607132,429.800000
3364.712398,440.600000
3365.817250,427.000000
3366.921689,424.800000
3368.025713,434.200000
3369.129325,418.200000
3370.232523,420.600000
3371.335308,422.200000
3372.437679,412.200000
3373.539638,391.000000
3374.641185,411.800000
3375.742318,397.800000
3376.843040,384.800000
3377.943349,395.200000
3379.043246,387.200000
3380.142732,365.600000
3381.241805,377.200000
3382.340467,351.400000
3383.438718,353.400000
3384.536557,351.000000
3385.633986,352.400000
3386.731003,347.200000
3387.827610,317.800000
3388.923806,359.000000
3390.019592,346.000000
3391.114967,26.000000
3392.209933,59.200000
3393.304488,34.600000
3394.398634,29.600000
3395.492370,656.600000