-28.903435,510.800000
-26.423292,570.800000
-23.944256,627.000000
-21.466323,712.000000
-18.989495,768.600000
-16.513770,827.600000
-14.039148,1085.600000
-11.565628,2353.200000
-9.093210,4762.400000
-6.621892,5601.400000
-4.151674,8940.600000
-1.682556,10913.400000
0.785463,5764.600000
3.252384,1534.600000
5.718208,980.400000
8.182935,956.400000
10.646566,954.600000
13.109101,971.000000
15.570541,989.800000
18.030887,1000.000000
20.490139,1063.200000
22.948298,1059.800000
25.405365,1101.000000
27.861340,1135.200000
30.316225,1158.400000
32.770018,1192.800000
35.222723,1233.600000
37.674337,1286.800000
40.124864,1320.400000
42.574303,1396.600000
45.022654,1459.200000
47.469919,1527.400000
49.916098,1633.200000
52.361192,1725.400000
54.805201,1834.800000
57.248126,1979.200000
59.689968,2149.200000
62.130727,2358.800000
64.570405,2643.400000
67.009000,2986.600000
69.446515,3454.200000
71.882950,4076.200000
74.318305,5040.800000
76.752581,6497.600000
79.185780,8767.800000
81.617900,12751.600000
84.048944,19702.000000
86.478911,31509.200000
88.907802,53044.200000
91.335619,64175.200000
93.762361,64164.000000
96.188029,64152.000000
98.612624,64172.200000
101.036146,64169.400000
103.458596,64161.600000
105.879976,64154.400000
108.300284,64159.800000
110.719522,64146.600000
113.137692,64147.000000
115.554792,64147.400000
117.970824,64152.600000
120.385788,64130.200000
122.799686,64158.800000
125.212518,64150.600000
127.624283,64143.600000
130.034984,64148.800000
132.444620,64150.800000
134.853193,64158.000000
137.260702,64160.800000
139.667149,64159.400000
142.072534,64154.800000
144.476857,64151.600000
146.880120,64147.200000
149.282323,64155.400000
151.683467,64166.200000
154.083551,64164.200000
156.482578,64147.600000
158.880547,64155.400000
161.277459,64158.000000
163.673314,64157.000000
166.068114,64156.600000
168.461859,64161.200000
170.854549,64160.600000
173.246185,64163.600000
175.636768,64158.400000
178.026299,64150.600000
180.414777,64161.600000
182.802204,64153.800000
185.188580,64169.000000
187.573906,64164.600000
189.958183,64159.400000
192.341410,64164.000000
194.723589,64174.000000
197.104721,64027.200000
199.484805,61905.600000
201.863842,59110.800000
204.241834,56830.200000
206.618781,54544.600000
208.994682,52618.800000
211.369540,50620.400000
213.743354,49009.000000
216.116125,47859.600000
218.487854,46482.600000
220.858542,45426.000000
223.228188,44605.400000
225.596794,43849.000000
227.964359,43226.400000
230.330886,42397.000000
232.696374,41516.000000
235.060824,40452.600000
237.424237,39557.200000
239.786612,38932.000000
242.147952,38187.400000
244.508256,37556.200000
246.867524,37094.200000
249.225759,36672.000000
251.582959,36131.000000
253.939126,35784.600000
256.294261,35241.200000
258.648364,34897.000000
261.001435,34574.200000
263.353475,34296.800000
265.704485,34013.000000
268.054465,33556.600000
270.403417,33274.800000
272.751339,33204.000000
275.098234,32928.400000
277.444102,32663.800000
279.788943,32661.600000
282.132758,32872.400000
284.475547,32947.600000
286.817312,33084.400000
289.158052,33263.200000
291.497769,33166.200000
293.836462,32996.200000
296.174133,32833.600000
298.510782,32487.000000
300.846409,32142.200000
303.181016,32022.000000
305.514603,31844.200000
307.847170,31648.800000
310.178718,31729.400000
312.509247,31752.200000
314.838759,31722.000000
317.167253,31685.400000
319.494731,31525.600000
321.821193,31268.200000
324.146639,31149.200000
326.471071,31034.600000
328.794488,30999.600000
331.116891,31015.800000
333.438281,31057.800000
335.758659,31004.400000
338.078024,30876.200000
340.396379,31147.400000
342.713722,31489.800000
345.030055,32041.800000
347.345379,32784.800000
349.659693,33315.600000
351.972999,33655.000000
354.285297,33463.200000
356.596588,32865.000000
358.906872,32099.200000
361.216149,31538.200000
363.524421,31342.600000
365.831689,31273.200000
368.137951,31373.800000
370.443210,31577.800000
372.747465,31843.800000
375.050718,32325.000000
377.352969,32629.000000
379.654218,32907.000000
381.954466,32777.800000
384.253713,32542.400000
386.551961,32089.400000
388.849209,31726.000000
391.145459,31427.600000
393.440710,31166.800000
395.734964,31278.800000
398.028221,31331.400000
400.320482,31481.200000
402.611746,31812.600000
404.902016,32016.000000
407.191290,32187.600000
409.479571,32321.200000
411.766858,32236.200000
414.053152,31975.200000
416.338453,31532.200000
418.622763,31355.000000
420.906081,31246.000000
423.188408,31268.800000
425.469746,31287.400000
427.750093,31158.200000
430.029452,30797.000000
432.307822,30521.000000
434.585204,30279.800000
436.861599,30197.200000
439.137007,30042.400000
441.411429,29888.000000
443.684865,29938.800000
445.957316,29795.200000
448.228782,29884.200000
450.499264,29953.000000
452.768763,29988.000000
455.037279,30186.800000
457.304813,30352.600000
459.571365,30533.600000
461.836936,30584.400000
464.101526,30646.000000
466.365136,30659.600000
468.627767,30620.200000
470.889418,30582.200000
473.150091,30545.000000
475.409787,30454.400000
477.668505,30516.000000
479.926246,30665.400000
482.183011,30838.200000
484.438800,31191.200000
486.693614,31567.200000
488.947454,31812.400000
491.200320,31840.400000
493.452212,31723.600000
495.703132,31644.600000
497.953079,31685.800000
500.202054,31906.400000
502.450058,32209.000000
504.697091,32509.000000
506.943155,32099.800000
509.188248,31415.400000
511.432373,30837.800000
513.675529,30541.000000
515.917718,30622.200000
518.158939,30561.800000
520.399193,30474.600000
522.638480,30487.400000
524.876802,30661.000000
527.114159,30995.400000
529.350551,31769.400000
531.585979,32903.800000
533.820444,34421.800000
536.053945,35497.200000
538.286484,35727.400000
540.518061,35290.400000
542.748677,34221.800000
544.978332,33506.600000
547.207026,33556.400000
549.434761,34047.200000
551.661537,34751.800000
553.887354,34783.200000
556.112212,34533.000000
558.336113,34270.800000
560.559058,34123.200000
562.781045,34014.400000
565.002077,33703.400000
567.222153,33175.000000
569.441274,33224.000000
571.659441,33803.800000
573.876654,34645.400000
576.092914,34734.000000
578.308221,34019.000000
580.522575,33075.200000
582.735978,32197.600000
584.948430,31666.800000
587.159932,31460.000000
589.370483,31184.600000
591.580084,30764.000000
593.788737,30584.200000
595.996441,30199.600000
598.203197,29976.400000
600.409006,29942.800000
602.613868,29675.200000
604.817784,29779.400000
607.020753,29744.800000
609.222778,29781.400000
611.423857,29844.200000
613.623993,29852.600000
615.823185,29984.200000
618.021433,29942.000000
620.218739,30051.600000
622.415103,29892.200000
624.610525,29848.800000
626.805006,29749.600000
628.998547,29692.400000
631.191148,29963.600000
633.382809,30438.400000
635.573531,31331.600000
637.763315,32871.200000
639.952160,34445.400000
642.140069,35385.000000
644.327041,35224.400000
646.513076,34427.600000
648.698175,33534.800000
650.882339,32963.600000
653.065569,32036.800000
655.247864,31468.600000
657.429225,30970.400000
659.609654,30667.400000
661.789149,30752.200000
663.967713,30782.200000
666.145344,31158.200000
668.322045,31297.800000
670.497815,31324.200000
672.672655,31077.200000
674.846565,30835.000000
677.019547,30491.400000
679.191600,30401.800000
681.362724,30293.400000
683.532922,30281.600000
685.702192,30369.800000
687.870536,30446.000000
690.037954,30503.800000
692.204446,30583.800000
694.370014,30751.000000
696.534657,30770.600000
698.698377,31072.800000
700.861173,31242.600000
703.023046,31215.600000
705.183997,31504.800000
707.344025,31867.200000
709.503133,32397.000000
711.661320,33074.000000
713.818586,33750.000000
715.974933,34218.000000
718.130361,34471.400000
720.284869,34542.600000
722.438460,34826.000000
724.591132,34809.200000
726.742888,35635.600000
728.893727,36760.000000
731.043649,38364.800000
733.192656,40044.600000
735.340748,40648.600000
737.487925,39702.200000
739.634187,38508.000000
741.779536,36899.200000
743.923972,35863.400000
746.067495,35446.000000
748.210106,35209.000000
750.351806,34864.400000
752.492594,34333.200000
754.632472,33778.800000
756.771439,33344.800000
758.909497,33052.400000
761.046646,33078.600000
763.182886,32886.400000
765.318217,32966.800000
767.452642,32766.000000
769.586159,32675.600000
771.718769,32628.600000
773.850474,32831.000000
775.981272,32890.800000
778.111166,32968.800000
780.240155,33236.400000
782.368240,33541.000000
784.495421,33983.800000
786.621699,34060.600000
788.747075,33955.800000
790.871548,33470.600000
792.995119,33205.400000
795.117790,32933.000000
797.239560,32757.000000
799.360430,32559.400000
801.480400,32596.000000
803.599471,32589.400000
805.717643,32526.400000
807.834917,32643.600000
809.951293,32638.400000
812.066773,32795.600000
814.181355,32908.000000
816.295041,32867.200000
818.407832,33058.400000
820.519727,33488.800000
822.630728,33838.000000
824.740835,34235.600000
826.850047,34940.800000
828.958367,35819.600000
831.065794,36847.000000
833.172328,38351.000000
835.277971,39726.200000
837.382722,39987.600000
839.486583,38788.600000
841.589553,37580.600000
843.691634,36835.200000
845.792825,36423.800000
847.893127,35748.800000
849.992541,34833.400000
852.091067,34271.000000
854.188706,34044.600000
856.285458,33879.000000
858.381324,33799.000000
860.476303,33644.400000
862.570397,33409.800000
864.663606,33057.800000
866.755931,33025.200000
868.847372,32956.000000
870.937929,32846.600000
873.027603,32669.000000
875.116395,32725.400000
877.204304,32670.400000
879.291332,32472.200000
881.377479,32628.200000
883.462746,32664.600000
885.547132,32847.800000
887.630638,33041.000000
889.713266,33126.400000
891.795014,32982.800000
893.875885,32816.400000
895.955878,32619.600000
898.034993,32473.600000
900.113232,32377.200000
902.190595,32397.200000
904.267081,32345.000000
906.342693,32317.000000
908.417429,32371.600000
910.491291,32528.800000
912.564279,32898.400000
914.636394,33282.200000
916.707636,33663.400000
918.778005,34206.200000
920.847503,34766.200000
922.916128,35149.600000
924.983883,35394.200000
927.050767,34903.000000
929.116781,34176.800000
931.181926,33558.200000
933.246201,33165.000000
935.309608,32708.000000
937.372146,32406.400000
939.433817,32264.000000
941.494620,32088.800000
943.554557,31924.800000
945.613627,32051.600000
947.671831,32050.000000
949.729170,31893.200000
951.785645,31858.600000
953.841254,31794.200000
955.896000,31675.400000
957.949882,31650.600000
960.002901,31489.600000
962.055058,31493.600000
964.106352,31409.000000
966.156785,31383.000000
968.206357,31406.800000
970.255067,31368.400000
972.302918,31525.000000
974.349909,31758.400000
976.396041,32103.000000
978.441313,32284.600000
980.485728,32466.800000
982.529284,32708.600000
984.571983,32091.000000
986.613825,31811.200000
988.654811,31550.600000
990.694940,31607.400000
992.734214,31541.600000
994.772633,31712.400000
996.810197,31808.400000
998.846907,32253.000000
1000.882763,32241.200000
1002.917765,32113.200000
1004.951915,31878.000000
1006.985213,31859.600000
1009.017659,31561.000000
1011.049253,31689.400000
1013.079996,31782.000000
1015.109889,31776.800000
1017.138932,31824.200000
1019.167125,31770.200000
1021.194469,31762.200000
1023.220964,31925.400000
1025.246611,31902.600000
1027.271410,31940.400000
1029.295362,32091.800000
1031.318467,32102.000000
1033.340725,32202.600000
1035.362138,32295.800000
1037.382705,32364.600000
1039.402427,32320.200000
1041.421305,32315.000000
1043.439338,32212.800000
1045.456527,32290.400000
1047.472874,32317.200000
1049.488378,32233.600000
1051.503039,32290.400000
1053.516858,32077.400000
1055.529836,32163.800000
1057.541973,32039.600000
1059.553270,32156.800000
1061.563726,32148.000000
1063.573343,32145.200000
1065.582121,32269.200000
1067.590060,32413.800000
1069.597161,32397.200000
1071.603424,32569.000000
1073.608849,32600.200000
1075.613438,32621.200000
1077.617190,32742.800000
1079.620106,32836.400000
1081.622187,32872.000000
1083.623432,32799.800000
1085.623843,32742.600000
1087.623419,32838.800000
1089.622162,33050.400000
1091.620072,33158.400000
1093.617148,33254.600000
1095.613392,33140.200000
1097.608804,33091.400000
1099.603385,33148.000000
1101.597134,33242.400000
1103.590053,33274.400000
1105.582142,33049.600000
1107.573400,33022.200000
1109.563830,33000.800000
1111.553430,32908.600000
1113.542203,33095.400000
1115.530147,32925.000000
1117.517263,33273.200000
1119.503553,33263.800000
1121.489015,33519.200000
1123.473652,34033.400000
1125.457462,34532.600000
1127.440448,34986.400000
1129.422608,34913.000000
1131.403944,34619.800000
1133.384456,34091.800000
1135.364144,33934.200000
1137.343009,33781.600000
1139.321052,33439.400000
1141.298272,33123.200000
1143.274670,32722.800000
1145.250247,32512.000000
1147.225003,32305.800000
1149.198938,32252.400000
1151.172054,32307.600000
1153.144349,32150.400000
1155.115826,32112.600000
1157.086483,32030.800000
1159.056322,32033.600000
1161.025344,32083.800000
1162.993547,31941.800000
1164.960934,32035.600000
1166.927504,31995.200000
1168.893258,32045.200000
1170.858196,31850.600000
1172.822319,31659.600000
1174.785627,31520.400000
1176.748121,31535.200000
1178.709800,31545.800000
1180.670666,31619.800000
1182.630719,31634.600000
1184.589959,31673.600000
1186.548387,31638.000000
1188.506003,31637.400000
1190.462807,31870.600000
1192.418801,31871.200000
1194.373984,32030.000000
1196.328356,32014.800000
1198.281919,31915.200000
1200.234673,31881.200000
1202.186618,31797.000000
1204.137754,31648.000000
1206.088083,31535.800000
1208.037603,31618.600000
1209.986317,31449.800000
1211.934224,31415.000000
1213.881325,31365.800000
1215.827620,31332.600000
1217.773109,31181.400000
1219.717793,31177.600000
1221.661673,31069.200000
1223.604748,31030.200000
1225.547020,30972.000000
1227.488489,30943.600000
1229.429154,30975.400000
1231.369017,30877.800000
1233.308078,30959.400000
1235.246338,31198.800000
1237.183796,31135.200000
1239.120454,31243.200000
1241.056311,31353.000000
1242.991368,31454.000000
1244.925625,31388.200000
1246.859084,31694.600000
1248.791744,31965.000000
1250.723605,32251.600000
1252.654669,32280.000000
1254.584936,32528.800000
1256.514405,32202.800000
1258.443078,32087.600000
1260.370954,31846.600000
1262.298035,31691.800000
1264.224321,31609.800000
1266.149811,31643.600000
1268.074508,31754.800000
1269.998410,31795.000000
1271.921518,31891.000000
1273.843833,32004.000000
1275.765356,32124.200000
1277.686086,32286.800000
1279.606024,32544.800000
1281.525170,32706.800000
1283.443526,32723.600000
1285.361090,33044.200000
1287.277864,33461.000000
1289.193849,33623.600000
1291.109044,34184.600000
1293.023449,34677.400000
1294.937066,35188.800000
1296.849895,35492.000000
1298.761936,35307.000000
1300.673190,35527.400000
1302.583656,35533.600000
1304.493336,35491.000000
1306.402230,35730.600000
1308.310338,35600.200000
1310.217661,35319.600000
1312.124198,34893.200000
1314.029952,34317.600000
1315.934921,33975.200000
1317.839106,33499.200000
1319.742508,33491.200000
1321.645127,33451.600000
1323.546963,33458.600000
1325.448018,33744.400000
1327.348290,33950.000000
1329.247782,34342.400000
1331.146493,34945.000000
1333.044423,35630.800000
1334.941573,35991.000000
1336.837943,36204.200000
1338.733535,36299.400000
1340.628347,36385.000000
1342.522381,35784.000000
1344.415637,35487.200000
1346.308115,34942.800000
1348.199816,34530.600000
1350.090741,34183.400000
1351.980889,33831.200000
1353.870261,33305.800000
1355.758857,32964.600000
1357.646678,32802.000000
1359.533724,32450.400000
1361.419996,32391.000000
1363.305494,32194.200000
1365.190219,32369.400000
1367.074170,32493.600000
1368.957349,32679.800000
1370.839755,32579.800000
1372.721389,32684.600000
1374.602252,32738.800000
1376.482343,32894.200000
1378.361664,32983.200000
1380.240214,33022.600000
1382.117995,32893.400000
1383.995005,32848.600000
1385.871247,32902.600000
1387.746720,32821.800000
1389.621424,32841.800000
1391.495361,32928.000000
1393.368530,33008.600000
1395.240932,32989.400000
1397.112567,33315.200000
1398.983435,33532.200000
1400.853538,33980.800000
1402.722875,34808.000000
1404.591447,35664.600000
1406.459254,36337.000000
1408.326297,37000.000000
1410.192576,37284.600000
1412.058091,37125.200000
1413.922843,36870.000000
1415.786832,36415.600000
1417.650059,35853.600000
1419.512523,35395.800000
1421.374226,34882.200000
1423.235168,34908.400000
1425.095349,35145.800000
1426.954770,35773.000000
1428.813430,36844.000000
1430.671331,37933.800000
1432.528472,38918.000000
1434.384855,39277.000000
1436.240479,39118.200000
1438.095345,38707.200000
1439.949454,38050.400000
1441.802805,37295.400000
1443.655399,36793.800000
1445.507237,36483.000000
1447.358318,36413.600000
1449.208644,36497.600000
1451.058214,36338.000000
1452.907030,36242.800000
1454.755090,35844.400000
1456.602397,35463.600000
1458.448950,34856.000000
1460.294749,34419.200000
1462.139796,33816.600000
1463.984089,33366.000000
1465.827631,32837.400000
1467.670420,32209.800000
1469.512458,31724.400000
1471.353745,31280.200000
1473.194282,30810.000000
1475.034068,30620.400000
1476.873104,30456.800000
1478.711390,30345.400000
1480.548928,30268.200000
1482.385716,30276.400000
1484.221756,30326.000000
1486.057049,30510.000000
1487.891593,30722.800000
1489.725390,30863.200000
1491.558441,30962.600000
1493.390745,30815.600000
1495.222302,31006.000000
1497.053115,31156.200000
1498.883181,31018.600000
1500.712503,31152.400000
1502.541080,31036.200000
1504.368914,31047.800000
1506.196003,31186.800000
1508.022349,31335.200000
1509.847952,31285.400000
1511.672812,31252.200000
1513.496930,31109.200000
1515.320306,31011.000000
1517.142940,30564.000000
1518.964833,30222.800000
1520.785986,29834.000000
1522.606398,29282.400000
1524.426070,29005.800000
1526.245003,28749.000000
1528.063196,28487.600000
1529.880650,28169.600000
1531.697366,27998.600000
1533.513344,27832.600000
1535.328584,27676.800000
1537.143087,27602.800000
1538.956852,27579.000000
1540.769882,27345.000000
1542.582174,27293.200000
1544.393731,27196.400000
1546.204553,27210.800000
1548.014639,26985.600000
1549.823991,27075.200000
1551.632608,26978.000000
1553.440492,26853.000000
1555.247641,26755.800000
1557.054058,26857.200000
1558.859741,26886.600000
1560.664693,26751.600000
1562.468912,26689.400000
1564.272399,26804.200000
1566.075155,26783.800000
1567.877180,26794.800000
1569.678474,26826.200000
1571.479038,26858.400000
1573.278872,26975.400000
1575.077977,27030.800000
1576.876352,27123.200000
1578.673999,27249.400000
1580.470917,27268.800000
1582.267107,27251.800000
1584.062570,27395.400000
1585.857305,27396.800000
1587.651313,27405.200000
1589.444595,27344.000000
1591.237151,27445.400000
1593.028981,27374.600000
1594.820085,27428.400000
1596.610464,27262.200000
1598.400119,27383.800000
1600.189049,27421.000000
1601.977255,27365.200000
1603.764738,27131.000000
1605.551497,27289.000000
1607.337534,26981.400000
1609.122848,26863.200000
1610.907440,26850.800000
1612.691310,26888.600000
1614.474458,26901.000000
1616.256886,27110.800000
1618.038593,27096.800000
1619.819579,27397.000000
1621.599846,27317.000000
1623.379393,27448.200000
1625.158221,27444.400000
1626.936330,27417.000000
1628.713720,27375.800000
1630.490393,27286.800000
1632.266347,27300.000000
1634.041584,27216.000000
1635.816104,26852.600000
1637.589908,26600.000000
1639.362995,26527.000000
1641.135366,26470.200000
1642.907021,26162.200000
1644.677961,26035.200000
1646.448187,25969.000000
1648.217698,25880.200000
1649.986494,25692.200000
1651.754577,25534.400000
1653.521947,25691.400000
1655.288603,25542.800000
1657.054547,25507.000000
1658.819778,25393.400000
1660.584297,25267.400000
1662.348105,25162.400000
1664.111201,25099.200000
1665.873586,25116.600000
1667.635261,25109.800000
1669.396226,25061.400000
1671.156480,24939.200000
1672.916026,24844.400000
1674.674862,25031.000000
1676.432989,25205.400000
1678.190408,24876.400000
1679.947118,24934.000000
1681.703122,24882.600000
1683.458417,24810.200000
1685.213006,24784.800000
1686.966888,24773.600000
1688.720064,24804.800000
1690.472533,24889.000000
1692.224298,24677.600000
1693.975357,24794.400000
1695.725711,24819.200000
1697.475360,24692.800000
1699.224305,24634.800000
1700.972547,24556.800000
1702.720085,24477.000000
1704.466920,24486.000000
1706.213052,24398.000000
1707.958482,24197.000000
1709.703210,24331.800000
1711.447236,24240.200000
1713.190560,24311.600000
1714.933184,24406.600000
1716.675107,24279.200000
1718.416329,24206.000000
1720.156852,24360.000000
1721.896675,24333.600000
1723.635799,24379.800000
1725.374224,24195.800000
1727.111950,24168.600000
1728.848979,24115.400000
1730.585309,24077.800000
1732.320942,24117.800000
1734.055877,24016.200000
1735.790116,23932.200000
1737.523658,23933.000000
1739.256505,24091.200000
1740.988655,23997.000000
1742.720110,23935.800000
1744.450870,23891.600000
1746.180935,23897.000000
1747.910306,23942.600000
1749.638983,23737.200000
1751.366966,23740.000000
1753.094255,23581.400000
1754.820852,23600.400000
1756.546756,23659.600000
1758.271968,23511.200000
1759.996488,23619.600000
1761.720316,23464.000000
1763.443453,23381.200000
1765.165899,23318.600000
1766.887654,23214.800000
1768.608719,23085.800000
1770.329094,23107.600000
1772.048780,22986.600000
1773.767776,23018.400000
1775.486084,22852.000000
1777.203703,22855.000000
1778.920634,22910.200000
1780.636877,22828.200000
1782.352432,22743.400000
1784.067301,22597.000000
1785.781482,22739.600000
1787.494977,22591.400000
1789.207786,22569.200000
1790.919909,22545.200000
1792.631346,22560.000000
1794.342099,22526.400000
1796.052166,22424.600000
1797.761550,22361.800000
1799.470249,22471.400000
1801.178264,22449.600000
1802.885596,22383.200000
1804.592245,22357.800000
1806.298211,22322.400000
1808.003495,22299.600000
1809.708096,22234.000000
1811.412016,22284.800000
1813.115254,22271.200000
1814.817812,22230.000000
1816.519688,22186.200000
1818.220885,22247.800000
1819.921401,22213.200000
1821.621237,22114.600000
1823.320394,22058.400000
1825.018872,21999.800000
1826.716672,22086.000000
1828.413793,22041.600000
1830.110236,21944.400000
1831.806001,21990.400000
1833.501089,21896.000000
1835.195500,22028.000000
1836.889234,22050.400000
1838.582291,21918.200000
1840.274673,21796.600000
1841.966379,21906.800000
1843.657410,21943.000000
1845.347765,21827.000000
1847.037446,21794.600000
1848.726453,21765.800000
1850.414785,21604.000000
1852.102444,21531.600000
1853.789429,21449.200000
1855.475742,21368.000000
1857.161381,21282.200000
1858.846349,21190.800000
1860.530644,21131.200000
1862.214267,21049.600000
1863.897220,20809.000000
1865.579501,20725.800000
1867.261111,20720.600000
1868.942051,20649.200000
1870.622321,20527.400000
1872.301921,20599.200000
1873.980851,20432.000000
1875.659113,20424.000000
1877.336706,20461.200000
1879.013630,20308.200000
1880.689887,20257.200000
1882.365475,20231.000000
1884.040396,20114.200000
1885.714650,20135.600000
1887.388238,20254.600000
1889.061158,20086.800000
1890.733413,20066.200000
1892.405002,20049.800000
1894.075925,19961.400000
1895.746183,20067.600000
1897.415777,19904.600000
1899.084706,19935.800000
1900.752970,19931.600000
1902.420571,19896.200000
1904.087508,19853.400000
1905.753783,19796.800000
1907.419394,19850.400000
1909.084342,19787.400000
1910.748629,19705.400000
1912.412253,19716.800000
1914.075216,19619.600000
1915.737518,19555.600000
1917.399159,19434.600000
1919.060139,19524.000000
1920.720459,19634.800000
1922.380119,19357.800000
1924.039119,19470.200000
1925.697460,19505.400000
1927.355142,19415.400000
1929.012165,19418.200000
1930.668530,19491.200000
1932.324237,19293.400000
1933.979286,19297.200000
1935.633677,19221.000000
1937.287412,19235.600000
1938.940490,19245.000000
1940.592911,19126.800000
1942.244677,19159.200000
1943.895786,19187.400000
1945.546240,19154.800000
1947.196039,19121.600000
1948.845183,19118.000000
1950.493673,19046.800000
1952.141508,18970.000000
1953.788690,19038.400000
1955.435218,19049.600000
1957.081092,18925.600000
1958.726314,18926.200000
1960.370883,18942.400000
1962.014800,18976.800000
1963.658065,18883.000000
1965.300678,18885.600000
1966.942640,18854.000000
1968.583951,18745.000000
1970.224611,18720.000000
1971.864620,18734.000000
1973.503980,18585.800000
1975.142690,18598.400000
1976.780750,18596.800000
1978.418162,18581.000000
1980.054924,18502.800000
1981.691038,18422.800000
1983.326504,18463.600000
1984.961322,18519.000000
1986.595492,18422.600000
1988.229015,18362.000000
1989.861891,18388.600000
1991.494121,18356.800000
1993.125704,18455.000000
1994.756641,18350.600000
1996.386933,18373.800000
1998.016579,18393.000000
1999.645580,18468.600000
2001.273936,18438.000000
2002.901648,18300.200000
2004.528716,18250.000000
2006.155140,18228.000000
2007.780921,18308.800000
2009.406058,18264.600000
2011.030552,18177.000000
2012.654404,18143.600000
2014.277614,18048.600000
2015.900182,18142.000000
2017.522108,18078.200000
2019.143392,17990.000000
2020.764036,18072.600000
2022.384039,18142.400000
2024.003402,18021.200000
2025.622124,17995.000000
2027.240207,17993.400000
2028.857650,17857.600000
2030.474454,17951.000000
2032.090619,17905.000000
2033.706146,17887.200000
2035.321035,17919.400000
2036.935285,17824.000000
2038.548898,17841.400000
2040.161874,17744.200000
2041.774212,17710.600000
2043.385914,17649.600000
2044.996979,17662.400000
2046.607409,17606.200000
2048.217202,17642.200000
2049.826360,17667.000000
2051.434883,17569.000000
2053.042771,17471.200000
2054.650025,17346.600000
2056.256644,17471.000000
2057.862629,17316.600000
2059.467981,17335.200000
2061.072699,17311.000000
2062.676784,17286.000000
2064.280237,17233.600000
2065.883057,17108.800000
2067.485245,17162.600000
2069.086801,17125.600000
2070.687725,17071.400000
2072.288019,17062.200000
2073.887681,16958.400000
2075.486713,16898.400000
2077.085114,16782.400000
2078.682886,16961.400000
2080.280027,16948.200000
2081.876540,16922.600000
2083.472423,16917.800000
2085.067677,16749.400000
2086.662303,16775.600000
2088.256301,16708.000000
2089.849671,16695.200000
2091.442413,16663.600000
2093.034528,16611.200000
2094.626016,16572.800000
2096.216877,16501.200000
2097.807112,16494.200000
2099.396720,16525.800000
2100.985703,16544.000000
2102.574060,16532.000000
2104.161793,16492.200000
2105.748900,16413.200000
2107.335382,16332.400000
2108.921241,16398.000000
2110.506475,16285.000000
2112.091086,16247.600000
2113.675073,16192.800000
2115.258437,16061.800000
2116.841178,16160.800000
2118.423297,16109.800000
2120.004793,16052.200000
2121.585668,16027.600000
2123.165920,15916.600000
2124.745552,15902.000000
2126.324562,15956.800000
2127.902952,15880.200000
2129.480721,15919.200000
2131.057870,15816.400000
2132.634400,15684.000000
2134.210309,15662.600000
2135.785600,15616.600000
2137.360271,15538.400000
2138.934324,15484.000000
2140.507758,15505.000000
2142.080574,15550.800000
2143.652773,15590.600000
2145.224354,15483.200000
2146.795317,15411.600000
2148.365664,15351.000000
2149.935394,15317.200000
2151.504508,15297.800000
2153.073006,15272.400000
2154.640888,15197.000000
2156.208154,15142.600000
2157.774805,15182.600000
2159.340842,15143.000000
2160.906264,15006.000000
2162.471071,15039.200000
2164.035265,14974.000000
2165.598845,14891.800000
2167.161811,14898.800000
2168.724165,14813.600000
2170.285905,14875.600000
2171.847033,14777.400000
2173.407549,14801.000000
2174.967452,14715.000000
2176.526744,14667.800000
2178.085425,14601.800000
2179.643494,14575.000000
2181.200953,14529.200000
2182.757801,14585.200000
2184.314039,14414.400000
2185.869667,14477.800000
2187.424685,14500.200000
2188.979094,14441.600000
2190.532894,14261.400000
2192.086085,14194.200000
2193.638668,14152.800000
2195.190642,14184.600000
2196.742009,14153.600000
2198.292767,14095.000000
2199.842919,14033.000000
2201.392463,14066.400000
2202.941400,14115.400000
2204.489731,14113.200000
2206.037456,14044.200000
2207.584575,14015.800000
2209.131088,14005.200000
2210.676996,13958.600000
2212.222299,13878.600000
2213.766997,13881.600000
2215.311090,13889.400000
2216.854580,13949.400000
2218.397465,13853.600000
2219.939747,13828.600000
2221.481425,13727.200000
2223.022500,13797.600000
2224.562973,13702.000000
2226.102843,13735.200000
2227.642110,13607.600000
2229.180776,13689.400000
2230.718840,13645.400000
2232.256303,13616.800000
2233.793164,13610.000000
2235.329425,13520.800000
2236.865085,13592.800000
2238.400145,13509.200000
2239.934605,13512.400000
2241.468466,13488.400000
2243.001726,13484.600000
2244.534388,13357.400000
2246.066451,13426.000000
2247.597915,13439.200000
2249.128781,13431.000000
2250.659049,13323.800000
2252.188720,13336.400000
2253.717793,13258.600000
2255.246268,13276.000000
2256.774147,13270.600000
2258.301429,13265.400000
2259.828115,13152.400000
2261.354205,13175.400000
2262.879699,13210.200000
2264.404598,13162.800000
2265.928901,13119.400000
2267.452609,13086.600000
2268.975723,13019.400000
2270.498242,13039.600000
2272.020168,13040.600000
2273.541499,12937.600000
2275.062237,12950.800000
2276.582382,12917.000000
2278.101933,12852.800000
2279.620892,12749.400000
2281.139259,12731.600000
2282.657033,12752.200000
2284.174216,12710.200000
2285.690806,12583.800000
2287.206806,12546.200000
2288.722214,12488.600000
2290.237032,12326.800000
2291.751259,12213.000000
2293.264896,12013.400000
2294.777943,12056.400000
2296.290400,11970.800000
2297.802268,11852.200000
2299.313547,11750.800000
2300.824237,11694.800000
2302.334338,11589.600000
2303.843851,11470.400000
2305.352776,11466.800000
2306.861113,11333.400000
2308.368863,11266.200000
2309.876026,11257.800000
2311.382601,11293.200000
2312.888590,11203.600000
2314.393992,11244.000000
2315.898809,11207.800000
2317.403039,11250.800000
2318.906684,11304.400000
2320.409744,11323.400000
2321.912218,11352.200000
2323.414108,11408.200000
2324.915414,11453.600000
2326.416135,11503.200000
2327.916272,11537.200000
2329.415825,11669.400000
2330.914795,11691.000000
2332.413182,11729.400000
2333.910986,11729.400000
2335.408208,11782.000000
2336.904847,11813.200000
2338.400904,11829.600000
2339.896379,11894.400000
2341.391273,11932.600000
2342.885586,11924.200000
2344.379317,11920.200000
2345.872468,11864.000000
2347.365038,11933.600000
2348.857029,11833.000000
2350.348439,11946.800000
2351.839270,11918.200000
2353.329521,11909.000000
2354.819193,11894.000000
2356.308286,11900.200000
2357.796801,11860.400000
2359.284738,11869.600000
2360.772096,11792.800000
2362.258877,11849.600000
2363.745080,11821.600000
2365.230706,11801.600000
2366.715755,11778.000000
2368.200227,11752.800000
2369.684123,11685.200000
2371.167443,11724.000000
2372.650187,11660.800000
2374.132355,11603.600000
2375.613948,11625.000000
2377.094965,11610.400000
2378.575408,11571.400000
2380.055276,11557.200000
2381.534570,11515.400000
2383.013290,11531.000000
2384.491436,11483.200000
2385.969009,11424.600000
2387.446008,11382.800000
2388.922435,11378.000000
2390.398288,11264.600000
2391.873569,11333.800000
2393.348278,11267.800000
2394.822415,11281.000000
2396.295981,11201.200000
2397.768975,11155.000000
2399.241397,11098.600000
2400.713249,11059.400000
2402.184531,11099.200000
2403.655242,11076.000000
2405.125382,11114.000000
2406.594953,11033.600000
2408.063955,10970.000000
2409.532387,10924.200000
2411.000250,10854.400000
2412.467544,10835.200000
2413.934270,10856.200000
2415.400427,10800.600000
2416.866017,10811.000000
2418.331038,10806.800000
2419.795492,10733.800000
2421.259379,10713.800000
2422.722699,10686.800000
2424.185452,10657.200000
2425.647639,10584.800000
2427.109260,10538.800000
2428.570315,10526.000000
2430.030804,10566.400000
2431.490727,10487.800000
2432.950086,10501.600000
2434.408879,10445.600000
2435.867108,10390.600000
2437.324772,10379.400000
2438.781873,10347.200000
2440.238409,10339.800000
2441.694382,10318.600000
2443.149792,10313.800000
2444.604638,10249.600000
2446.058922,10202.000000
2447.512643,10228.600000
2448.965802,10209.600000
2450.418398,10152.400000
2451.870433,10128.800000
2453.321906,10079.000000
2454.772818,10123.200000
2456.223169,10116.800000
2457.672959,10013.400000
2459.122189,10038.800000
2460.570858,10043.600000
2462.018967,9989.200000
2463.466517,9879.400000
2464.913507,9876.800000
2466.359938,9885.400000
2467.805810,9865.400000
2469.251123,9822.800000
2470.695877,9798.600000
2472.140073,9760.000000
2473.583712,9705.200000
2475.026792,9666.600000
2476.469315,9627.800000
2477.911281,9667.600000
2479.352690,9617.200000
2480.793542,9584.200000
2482.233838,9601.000000
2483.673578,9520.200000
2485.112761,9491.600000
2486.551389,9471.600000
2487.989461,9460.200000
2489.426978,9446.800000
2490.863941,9445.200000
2492.300348,9402.800000
2493.736201,9417.400000
2495.171500,9320.000000
2496.606245,9353.400000
2498.040436,9259.800000
2499.474074,9190.400000
2500.907159,9213.600000
2502.339690,9198.600000
2503.771669,9118.000000
2505.203096,9108.800000
2506.633970,9102.400000
2508.064293,9039.400000
2509.494063,9069.800000
2510.923283,8976.000000
2512.351951,8988.400000
2513.780068,8952.000000
2515.207634,8908.600000
2516.634650,8872.000000
2518.061116,8861.600000
2519.487032,8822.200000
2520.912398,8837.400000
2522.337215,8771.200000
2523.761482,8758.200000
2525.185201,8657.200000
2526.608370,8637.200000
2528.030992,8653.400000
2529.453065,8627.800000
2530.874590,8578.000000
2532.295568,8518.000000
2533.715998,8534.000000
2535.135880,8528.600000
2536.555216,8507.800000
2537.974005,8522.800000
2539.392248,8455.200000
2540.809944,8470.000000
2542.227094,8414.400000
2543.643699,8412.200000
2545.059758,8328.400000
2546.475272,8355.400000
2547.890241,8354.400000
2549.304665,8341.200000
2550.718544,8287.800000
2552.131880,8238.200000
2553.544671,8240.600000
2554.956918,8216.800000
2556.368622,8158.200000
2557.779783,8181.400000
2559.190400,8113.200000
2560.600475,8104.200000
2562.010007,8058.600000
2563.418997,8091.600000
2564.827445,8058.200000
2566.235351,7982.600000
2567.642715,7990.600000
2569.049538,7996.000000
2570.455820,7953.600000
2571.861561,7971.200000
2573.266762,7878.000000
2574.671422,7914.000000
2576.075542,7865.000000
2577.479122,7812.600000
2578.882162,7805.800000
2580.284663,7799.800000
2581.686625,7799.800000
2583.088048,7727.200000
2584.488932,7753.000000
2585.889278,7706.800000
2587.289086,7647.400000
2588.688355,7636.800000
2590.087087,7608.200000
2591.485281,7599.400000
2592.882938,7600.200000
2594.280059,7538.600000
2595.676642,7467.200000
2597.072689,7475.400000
2598.468199,7423.400000
2599.863174,7423.800000
2601.257613,7363.000000
2602.651516,7313.000000
2604.044884,7288.000000
2605.437717,7234.200000
2606.830014,7242.800000
2608.221778,7154.400000
2609.613007,7138.800000
2611.003702,7025.400000
2612.393862,7012.600000
2613.783490,6949.600000
2615.172584,6827.200000
2616.561144,6838.800000
2617.949172,6732.400000
2619.336667,6694.800000
2620.723630,6672.600000
2622.110060,6573.800000
2623.495958,6535.600000
2624.881325,6470.400000
2626.266160,6396.400000
2627.650464,6343.200000
2629.034236,6341.000000
2630.417478,6302.600000
2631.800190,6237.200000
2633.182371,6192.800000
2634.564022,6172.000000
2635.945143,6153.400000
2637.325734,6078.800000
2638.705796,6069.200000
2640.085329,6045.200000
2641.464333,6097.200000
2642.842808,6027.800000
2644.220755,6004.200000
2645.598173,6016.800000
2646.975064,6027.400000
2648.351427,6026.200000
2649.727262,6061.200000
2651.102570,6066.000000
2652.477351,6101.400000
2653.851605,6117.000000
2655.225333,6108.200000
2656.598534,6118.200000
2657.971209,6167.200000
2659.343358,6197.400000
2660.714982,6236.600000
2662.086080,6308.600000
2663.456653,6297.600000
2664.826701,6382.200000
2666.196224,6382.200000
2667.565223,6397.600000
2668.933697,6460.800000
2670.301648,6431.800000
2671.669075,6457.200000
2673.035978,6473.200000
2674.402357,6515.800000
2675.768214,6562.600000
2677.133548,6576.400000
2678.498359,6581.200000
2679.862648,6592.000000
2681.226414,6569.600000
2682.589659,6580.200000
2683.952382,6605.800000
2685.314583,6630.400000
2686.676264,6611.200000
2688.037423,6652.600000
2689.398061,6647.400000
2690.758179,6653.800000
2692.117776,6652.400000
2693.476854,6648.800000
2694.835411,6681.400000
2696.193449,6681.800000
2697.550967,6700.400000
2698.907966,6701.800000
2700.264447,6745.000000
2701.620408,6757.800000
2702.975851,6757.800000
2704.330776,6773.800000
2705.685182,6775.200000
2707.039071,6790.600000
2708.392442,6813.800000
2709.745296,6802.200000
2711.097633,6774.400000
2712.449453,6804.400000
2713.800756,6871.400000
2715.151542,6851.600000
2716.501813,6856.400000
2717.851567,6852.600000
2719.200806,6838.000000
2720.549529,6846.600000
2721.897737,6818.800000
2723.245429,6804.400000
2724.592607,6803.400000
2725.939270,6778.800000
2727.285419,6748.600000
2728.631053,6671.600000
2729.976173,6645.600000
2731.320780,6619.000000
2732.664873,6600.600000
2734.008453,6518.600000
2735.351520,6502.000000
2736.694074,6418.200000
2738.036115,6427.200000
2739.377644,6376.200000
2740.718661,6357.400000
2742.059166,6291.000000
2743.399159,6263.000000
2744.738641,6261.600000
2746.077611,6260.000000
2747.416070,6197.000000
2748.754018,6210.000000
2750.091456,6185.600000
2751.428384,6129.600000
2752.764801,6079.000000
2754.100708,6112.800000
2755.436106,6052.400000
2756.770994,6021.200000
2758.105372,5990.400000
2759.439242,5974.200000
2760.772603,5920.200000
2762.105455,5913.000000
2763.437799,5911.000000
2764.769635,5845.800000
2766.100963,5851.200000
2767.431783,5858.000000
2768.762095,5823.800000
2770.091901,5760.000000
2771.421199,5772.400000
2772.749990,5729.000000
2774.078275,5753.600000
2775.406053,5701.600000
2776.733325,5696.800000
2778.060091,5624.200000
2779.386352,5618.000000
2780.712107,5588.000000
2782.037356,5627.800000
2783.362101,5607.400000
2784.686341,5529.600000
2786.010076,5536.000000
2787.333306,5536.400000
2788.656033,5522.400000
2789.978255,5472.800000
2791.299974,5491.000000
2792.621189,5498.800000
2793.941901,5529.200000
2795.262109,5473.800000
2796.581815,5469.000000
2797.901018,5446.000000
2799.219719,5418.400000
2800.537917,5382.600000
2801.855614,5355.800000
2803.172808,5350.400000
2804.489501,5329.600000
2805.805693,5330.400000
2807.121383,5311.200000
2808.436573,5269.600000
2809.751262,5305.800000
2811.065450,5267.000000
2812.379138,5291.600000
2813.692326,5361.600000
2815.005014,5404.600000
2816.317202,5466.000000
2817.628891,5448.400000
2818.940081,5556.800000
2820.250772,5597.400000
2821.560964,5708.200000
2822.870658,5813.000000
2824.179853,5939.200000
2825.488550,6076.400000
2826.796749,6239.200000
2828.104450,6406.400000
2829.411654,6736.000000
2830.718361,6997.600000
2832.024571,7356.200000
2833.330284,7696.400000
2834.635500,7991.400000
2835.940219,8172.400000
2837.244443,8291.800000
2838.548171,8369.600000
2839.851402,8398.400000
2841.154139,8314.600000
2842.456380,8289.200000
2843.758125,8201.600000
2845.059376,8128.600000
2846.360132,8041.600000
2847.660394,7932.200000
2848.960161,7844.600000
2850.259435,7792.800000
2851.558214,7731.600000
2852.856500,7652.600000
2854.154292,7557.600000
2855.451591,7527.000000
2856.748398,7500.600000
2858.044711,7467.000000
2859.340532,7454.600000
2860.635860,7465.800000
2861.930697,7487.200000
2863.225041,7456.400000
2864.518893,7417.400000
2865.812254,7447.400000
2867.105124,7412.800000
2868.397503,7395.200000
2869.689391,7321.200000
2870.980788,7318.800000
2872.271694,7319.000000
2873.562111,7373.400000
2874.852037,7268.600000
2876.141473,7282.000000
2877.430420,7255.200000
2878.718877,7182.600000
2880.006846,7220.400000
2881.294325,7164.600000
2882.581315,7169.600000
2883.867817,7146.800000
2885.153830,7130.000000
2886.439355,7090.400000
2887.724393,7074.600000
2889.008942,7020.400000
2890.293004,7050.800000
2891.576579,7034.800000
2892.859666,7037.200000
2894.142267,6999.800000
2895.424381,6969.200000
2896.706008,6946.200000
2897.987149,6956.400000
2899.267804,6960.200000
2900.547973,6864.400000
2901.827657,6900.200000
2903.106855,6780.600000
2904.385568,6742.200000
2905.663795,6646.200000
2906.941538,6539.200000
2908.218796,6396.600000
2909.495570,6319.800000
2910.771860,6212.800000
2912.047665,6083.200000
2913.322987,6058.400000
2914.597825,6013.400000
2915.872180,5903.600000
2917.146051,5874.400000
2918.419440,5812.600000
2919.692345,5736.800000
2920.964768,5718.800000
2922.236709,5686.200000
2923.508168,5647.400000
2924.779144,5644.600000
2926.049639,5582.200000
2927.319653,5544.400000
2928.589184,5497.200000
2929.858235,5440.600000
2931.126805,5374.600000
2932.394894,5273.600000
2933.662503,5146.400000
2934.929631,5098.000000
2936.196279,4977.000000
2937.462447,4907.400000
2938.728136,4821.200000
2939.993345,4756.400000
2941.258075,4704.400000
2942.522325,4629.400000
2943.786097,4589.200000
2945.049390,4636.400000
2946.312204,4512.200000
2947.574540,4539.000000
2948.836398,4499.400000
2950.097779,4462.200000
2951.358681,4468.200000
2952.619106,4411.000000
2953.879054,4375.000000
2955.138524,4283.600000
2956.397518,4253.600000
2957.656035,4170.600000
2958.914076,4078.200000
2960.171640,4000.600000
2961.428728,3916.200000
2962.685340,3879.200000
2963.941477,3785.800000
2965.197138,3729.400000
2966.452324,3665.400000
2967.707035,3576.600000
2968.961271,3578.400000
2970.215032,3515.200000
2971.468319,3466.400000
2972.721131,3425.000000
2973.973470,3420.400000
2975.225334,3309.600000
2976.476725,3310.600000
2977.727643,3226.200000
2978.978087,3239.400000
2980.228058,3207.600000
2981.477556,3172.400000
2982.726581,3103.200000
2983.975135,3093.600000
2985.223215,3036.800000
2986.470824,2996.400000
2987.717961,2975.200000
2988.964626,2959.600000
2990.210819,2920.800000
2991.456542,2886.000000
2992.701793,2865.000000
2993.946573,2848.200000
2995.190883,2788.600000
2996.434722,2745.200000
2997.678091,2706.800000
2998.920990,2689.800000
3000.163418,2601.000000
3001.405378,2632.800000
3002.646867,2575.600000
3003.887888,2526.000000
3005.128439,2515.000000
3006.368521,2456.200000
3007.608135,2480.600000
3008.847280,2414.200000
3010.085956,2406.200000
3011.324165,2339.400000
3012.561905,2328.800000
3013.799178,2266.200000
3015.035984,2271.600000
3016.272322,2248.600000
3017.508192,2192.800000
3018.743596,2179.200000
3019.978533,2183.400000
3021.213004,2151.600000
3022.447008,2128.600000
3023.680546,2113.800000
3024.913618,2102.000000
3026.146224,2074.400000
3027.378365,2047.200000
3028.610040,2016.800000
3029.841250,2017.000000
3031.071995,1998.800000
3032.302275,1987.400000
3033.532090,1966.800000
3034.761442,1922.800000
3035.990328,1939.600000
3037.218751,1920.400000
3038.446710,1933.400000
3039.674205,1898.200000
3040.901237,1901.000000
3042.127806,1893.800000
3043.353911,1853.800000
3044.579554,1859.000000
3045.804734,1860.400000
3047.029451,1834.400000
3048.253706,1837.000000
3049.477499,1828.200000
3050.700831,1807.400000
3051.923700,1793.600000
3053.146108,1799.200000
3054.368054,1804.200000
3055.589539,1787.000000
3056.810564,1755.800000
3058.031127,1726.200000
3059.251230,1728.800000
3060.470873,1724.800000
3061.690055,1719.200000
3062.908778,1707.400000
3064.127040,1695.800000
3065.344843,1669.600000
3066.562187,1664.000000
3067.779071,1669.200000
3068.995497,1653.400000
3070.211463,1687.200000
3071.426971,1677.400000
3072.642020,1661.200000
3073.856611,1664.400000
3075.070744,1678.800000
3076.284419,1701.000000
3077.497636,1685.000000
3078.710395,1718.800000
3079.922698,1719.600000
3081.134543,1735.600000
3082.345931,1732.000000
3083.556863,1714.200000
3084.767337,1724.800000
3085.977356,1750.800000
3087.186918,1766.800000
3088.396024,1740.000000
3089.604675,1777.800000
3090.812869,1751.200000
3092.020609,1754.200000
3093.227893,1756.400000
3094.434722,1760.200000
3095.641096,1735.200000
3096.847015,1725.600000
3098.052480,1754.400000
3099.257490,1748.200000
3100.462047,1725.400000
3101.666149,1751.000000
3102.869798,1740.800000
3104.072993,1735.400000
3105.275735,1744.800000
3106.478023,1746.200000
3107.679858,1741.400000
3108.881241,1741.000000
3110.082171,1718.800000
3111.282649,1721.000000
3112.482674,1691.600000
3113.682247,1703.600000
3114.881368,1720.600000
3116.080038,1712.000000
3117.278256,1688.200000
3118.476022,1699.000000
3119.673338,1673.800000
3120.870202,1710.600000
3122.066616,1676.000000
3123.262579,1687.000000
3124.458092,1682.800000
3125.653155,1657.000000
3126.847767,1655.400000
3128.041930,1658.000000
3129.235642,1633.000000
3130.428906,1652.400000
3131.621720,1612.000000
3132.814085,1591.800000
3134.006001,1610.600000
3135.197468,1623.800000
3136.388487,1606.400000
3137.579057,1585.800000
3138.769179,1602.600000
3139.958854,1567.400000
3141.148080,1577.600000
3142.336858,1571.000000
3143.525190,1552.600000
3144.713073,1531.000000
3145.900510,1539.200000
3147.087500,1529.600000
3148.274043,1524.400000
3149.460140,1501.200000
3150.645790,1513.400000
3151.830994,1512.400000
3153.015752,1505.200000
3154.200064,1485.800000
3155.383930,1469.400000
3156.567351,1454.200000
3157.750327,1445.200000
3158.932858,1447.000000
3160.114943,1444.200000
3161.296584,1474.000000
3162.477781,1420.000000
3163.658533,1407.400000
3164.838841,1432.800000
3166.018704,1420.200000
3167.198125,1415.600000
3168.377101,1413.000000
3169.555634,1403.800000
3170.733723,1386.400000
3171.911370,1392.400000
3173.088574,1378.800000
3174.265334,1375.600000
3175.441653,1395.600000
3176.617529,1364.400000
3177.792962,1361.400000
3178.967954,1353.000000
3180.142504,1328.000000
3181.316612,1340.400000
3182.490278,1342.800000
3183.663504,1318.200000
3184.836288,1325.600000
3186.008631,1315.000000
3187.180534,1313.000000
3188.351996,1306.000000
3189.523017,1300.800000
3190.693599,1293.800000
3191.863740,1318.600000
3193.033441,1287.600000
3194.202703,1292.000000
3195.371525,1300.600000
3196.539908,1265.600000
3197.707851,1253.800000
3198.875356,1241.000000
3200.042422,1260.000000
3201.209049,1243.000000
3202.375238,1234.000000
3203.540988,1229.800000
3204.706301,1239.600000
3205.871175,1221.800000
3207.035612,1217.800000
3208.199611,1235.800000
3209.363173,1183.000000
3210.526297,1213.200000
3211.688985,1185.800000
3212.851236,1203.600000
3214.013050,1188.600000
3215.174427,1178.600000
3216.335368,1180.400000
3217.495873,1171.800000
3218.655942,1179.000000
3219.815575,1152.400000
3220.974773,1153.800000
3222.133535,1163.600000
3223.291862,1135.000000
3224.449754,1155.600000
3225.607211,1114.000000
3226.764233,1122.600000
3227.920820,1085.600000
3229.076974,1097.200000
3230.232693,1095.000000
3231.387977,1094.200000
3232.542829,1086.400000
3233.697246,1055.000000
3234.851230,1069.200000
3236.004780,1056.800000
3237.157897,1041.200000
3238.310582,1023.200000
3239.462833,1042.400000
3240.614652,1000.200000
3241.766038,999.000000
3242.916992,965.600000
3244.067514,963.600000
3245.217604,916.200000
3246.367263,906.800000
3247.516489,902.400000
3248.665284,875.400000
3249.813648,863.400000
3250.961581,813.800000
3252.109083,800.200000
3253.256154,771.800000
3254.402795,760.000000
3255.549005,739.400000
3256.694785,696.800000
3257.840135,693.000000
3258.985055,670.200000
3260.129545,646.600000
3261.273606,651.000000
3262.417237,613.000000
3263.560439,595.800000
3264.703213,584.400000
3265.845557,555.200000
3266.987473,547.200000
3268.128960,527.800000
3269.270019,517.000000
3270.410650,528.000000
3271.550852,519.400000
3272.690627,499.200000
3273.829974,499.400000
3274.968894,494.400000
3276.107387,479.200000
3277.245452,466.400000
3278.383090,457.600000
3279.520302,444.000000
3280.657087,450.200000
3281.793445,445.000000
3282.929378,422.600000
3284.064884,437.600000
3285.199964,438.800000
3286.334618,428.200000
3287.468847,423.200000
3288.602650,398.600000
3289.736029,409.800000
3290.868982,397.000000
3292.001510,407.800000
3293.133613,410.600000
3294.265292,396.800000
3295.396546,402.000000
3296.527376,382.000000
3297.657782,395.400000
3298.787764,381.400000
3299.917322,394.000000
3301.046457,371.800000
3302.175169,376.200000
3303.303457,371.600000
3304.431322,375.000000
3305.558764,384.200000
3306.685783,365.800000
3307.812380,381.800000
3308.938555,359.400000
3310.064307,354.200000
3311.189637,359.800000
3312.314545,387.000000
3313.439032,359.600000
3314.563097,353.800000
3315.686740,349.400000
3316.809963,340.400000
3317.932764,338.400000
3319.055144,346.200000
3320.177104,350.000000
3321.298643,361.800000
3322.419762,368.200000
3323.540460,358.800000
3324.660739,350.800000
3325.780597,335.800000
3326.900036,364.800000
3328.019055,349.000000
3329.137655,338.000000
3330.255836,322.600000
3331.373597,344.800000
3332.490940,342.800000
3333.607864,361.600000
3334.724369,339.000000
3335.840456,328.600000
3336.956125,326.200000
3338.071376,336.000000
3339.186209,318.800000
3340.300624,322.400000
3341.414621,313.200000
3342.528201,321.200000
3343.641364,314.400000
3344.754110,322.200000
3345.866438,294.200000
3346.978350,312.200000
3348.089846,291.600000
3349.200925,295.400000
3350.311588,279.600000
3351.421834,299.600000
3352.531665,292.000000
3353.641080,293.600000
3354.750079,279.800000
3355.858663,291.000000
3356.966832,284.200000
3358.074585,280.200000
3359.181924,271.600000
3360.288848,278.000000
3361.395357,260.600000
3362.501451,275.800000
3363.607132,281.000000
3364.712398,257.000000
3365.817250,267.400000
3366.921689,246.000000
3368.025713,239.200000
3369.129325,242.000000
3370.232523,256.800000
3371.335308,232.000000
3372.437679,244.600000
3373.539638,227.200000
3374.641185,230.600000
3375.742318,200.400000
3376.843040,206.000000
3377.943349,215.600000
3379.043246,205.800000
3380.142732,205.600000
3381.241805,183.600000
3382.340467,183.200000
3383.438718,191.200000
3384.536557,198.800000
3385.633986,184.400000
3386.731003,163.400000
3387.827610,161.800000
3388.923806,172.000000
3390.019592,171.800000
3391.114967,-84.800000
3392.209933,-47.200000
3393.304488,-52.200000
3394.398634,-79.000000
3395.492370,486.400000