-28.903435,434.600000
-26.423292,488.800000
-23.944256,586.200000
-21.466323,636.800000
-18.989495,703.800000
-16.513770,738.200000
-14.039148,977.600000
-11.565628,2287.000000
-9.093210,4743.000000
-6.621892,5535.600000
-4.151674,8779.200000
-1.682556,10862.000000
0.785463,5743.400000
3.252384,1462.600000
5.718208,874.400000
8.182935,849.200000
10.646566,822.600000
13.109101,845.400000
15.570541,860.000000
18.030887,879.200000
20.490139,903.000000
22.948298,918.600000
25.405365,928.600000
27.861340,952.600000
30.316225,987.400000
32.770018,1029.000000
35.222723,1071.200000
37.674337,1102.000000
40.124864,1139.000000
42.574303,1228.600000
45.022654,1250.200000
47.469919,1354.400000
49.916098,1392.600000
52.361192,1493.000000
54.805201,1620.800000
57.248126,1753.200000
59.689968,1890.200000
62.130727,2096.800000
64.570405,2309.600000
67.009000,2634.000000
69.446515,3061.000000
71.882950,3621.800000
74.318305,4505.400000
76.752581,5835.400000
79.185780,7928.200000
81.617900,11450.600000
84.048944,17717.600000
86.478911,28374.800000
88.907802,47750.800000
91.335619,64448.200000
93.762361,64427.200000
96.188029,64443.000000
98.612624,64433.800000
101.036146,64429.400000
103.458596,64429.200000
105.879976,64428.600000
108.300284,64441.400000
110.719522,64423.400000
113.137692,64417.200000
115.554792,64416.000000
117.970824,64423.000000
120.385788,64420.200000
122.799686,64425.200000
125.212518,64427.600000
127.624283,64438.400000
130.034984,64425.200000
132.444620,64427.600000
134.853193,64416.400000
137.260702,64425.800000
139.667149,64429.800000
142.072534,64425.600000
144.476857,64421.400000
146.880120,64414.200000
149.282323,64423.200000
151.683467,64432.800000
154.083551,64438.000000
156.482578,64433.000000
158.880547,64430.200000
161.277459,64425.000000
163.673314,64428.000000
166.068114,64434.200000
168.461859,64429.400000
170.854549,64429.200000
173.246185,64421.600000
175.636768,64429.000000
178.026299,64433.200000
180.414777,64434.800000
182.802204,64436.800000
185.188580,64446.800000
187.573906,64443.200000
189.958183,64426.800000
192.341410,61365.000000
194.723589,57387.200000
197.104721,54381.600000
199.484805,52141.600000
201.863842,49732.200000
204.241834,47614.800000
206.618781,45869.600000
208.994682,44261.000000
211.369540,42648.400000
213.743354,41418.800000
216.116125,40333.800000
218.487854,39188.800000
220.858542,38167.000000
223.228188,37393.400000
225.596794,36552.000000
227.964359,36071.800000
230.330886,35297.800000
232.696374,34627.400000
235.060824,33832.600000
237.424237,33090.000000
239.786612,32721.200000
242.147952,32146.400000
244.508256,31660.400000
246.867524,31264.200000
249.225759,30845.400000
251.582959,30466.000000
253.939126,30125.400000
256.294261,29697.000000
258.648364,29323.800000
261.001435,29097.600000
263.353475,28869.200000
265.704485,28644.600000
268.054465,28330.400000
270.403417,28056.400000
272.751339,27940.600000
275.098234,27712.000000
277.444102,27529.600000
279.788943,27418.200000
282.132758,27395.800000
284.475547,27328.000000
286.817312,27340.200000
289.158052,27237.600000
291.497769,27179.400000
293.836462,27028.600000
296.174133,26809.200000
298.510782,26611.800000
300.846409,26490.000000
303.181016,26378.800000
305.514603,26249.200000
307.847170,26191.000000
310.178718,26097.400000
312.509247,26013.200000
314.838759,25975.200000
317.167253,26008.200000
319.494731,26032.800000
321.821193,25784.000000
324.146639,25642.000000
326.471071,25691.400000
328.794488,25611.400000
331.116891,25645.000000
333.438281,25637.200000
335.758659,25577.200000
338.078024,25451.400000
340.396379,25633.600000
342.713722,25709.000000
345.030055,25838.800000
347.345379,25956.600000
349.659693,26053.800000
351.972999,26247.800000
354.285297,26116.400000
356.596588,26033.000000
358.906872,25859.200000
361.216149,25684.600000
363.524421,25488.400000
365.831689,25450.800000
368.137951,25536.400000
370.443210,25648.600000
372.747465,25670.400000
375.050718,25771.800000
377.352969,25842.000000
379.654218,25876.800000
381.954466,25765.800000
384.253713,25681.200000
386.551961,25565.800000
388.849209,25542.400000
391.145459,25432.800000
393.440710,25325.000000
395.734964,25342.400000
398.028221,25354.000000
400.320482,25427.200000
402.611746,25566.800000
404.902016,25568.400000
407.191290,25717.600000
409.479571,25732.600000
411.766858,25748.200000
414.053152,25726.200000
416.338453,25610.200000
418.622763,25530.400000
420.906081,25528.600000
423.188408,25525.400000
425.469746,25563.000000
427.750093,25476.200000
430.029452,25455.400000
432.307822,25300.200000
434.585204,25257.200000
436.861599,25276.600000
439.137007,25245.200000
441.411429,25180.600000
443.684865,25204.200000
445.957316,25213.000000
448.228782,25244.000000
450.499264,25217.600000
452.768763,25354.000000
455.037279,25422.600000
457.304813,25587.400000
459.571365,25590.800000
461.836936,25598.200000
464.101526,25528.400000
466.365136,25667.000000
468.627767,25674.400000
470.889418,25635.600000
473.150091,25593.200000
475.409787,25517.200000
477.668505,25621.000000
479.926246,25698.000000
482.183011,25739.200000
484.438800,25739.400000
486.693614,25891.200000
488.947454,25921.000000
491.200320,25945.200000
493.452212,25942.400000
495.703132,25953.400000
497.953079,25982.200000
500.202054,26014.200000
502.450058,26047.000000
504.697091,26238.600000
506.943155,26136.600000
509.188248,25860.200000
511.432373,25885.600000
513.675529,25854.200000
515.917718,26081.800000
518.158939,26051.400000
520.399193,25892.600000
522.638480,25770.600000
524.876802,25716.800000
527.114159,25922.200000
529.350551,26226.600000
531.585979,26459.000000
533.820444,26948.200000
536.053945,27125.800000
538.286484,27314.200000
540.518061,27149.600000
542.748677,26845.800000
544.978332,26656.200000
547.207026,26682.200000
549.434761,26963.800000
551.661537,27196.200000
553.887354,27151.600000
556.112212,27084.800000
558.336113,26973.600000
560.559058,26979.600000
562.781045,27001.000000
565.002077,26910.200000
567.222153,26760.000000
569.441274,26845.200000
571.659441,26928.200000
573.876654,27171.200000
576.092914,27361.000000
578.308221,27000.600000
580.522575,26672.800000
582.735978,26370.600000
584.948430,26381.000000
587.159932,26305.600000
589.370483,26212.800000
591.580084,25967.800000
593.788737,25995.600000
595.996441,25813.600000
598.203197,25759.000000
600.409006,25641.000000
602.613868,25547.200000
604.817784,25649.800000
607.020753,25575.800000
609.222778,25636.800000
611.423857,25657.000000
613.623993,25610.800000
615.823185,25527.800000
618.021433,25526.000000
620.218739,25516.800000
622.415103,25430.800000
624.610525,25445.400000
626.805006,25370.200000
628.998547,25326.400000
631.191148,25391.200000
633.382809,25501.400000
635.573531,25635.600000
637.763315,26234.600000
639.952160,26636.400000
642.140069,27000.200000
644.327041,26946.600000
646.513076,26733.000000
648.698175,26532.400000
650.882339,26373.400000
653.065569,26110.800000
655.247864,25962.000000
657.429225,25800.200000
659.609654,25765.800000
661.789149,25897.800000
663.967713,25882.800000
666.145344,25941.200000
668.322045,26082.000000
670.497815,26136.600000
672.672655,26007.800000
674.846565,26051.200000
677.019547,25997.200000
679.191600,25882.600000
681.362724,25923.800000
683.532922,25935.400000
685.702192,26111.800000
687.870536,26035.400000
690.037954,26137.800000
692.204446,26149.600000
694.370014,26184.600000
696.534657,26279.000000
698.698377,26436.400000
700.861173,26559.000000
703.023046,26500.400000
705.183997,26663.800000
707.344025,26903.600000
709.503133,27086.000000
711.661320,27369.800000
713.818586,27769.600000
715.974933,28023.800000
718.130361,28169.000000
720.284869,28243.800000
722.438460,28354.600000
724.591132,28123.000000
726.742888,28431.600000
728.893727,28788.800000
731.043649,29276.800000
733.192656,29736.400000
735.340748,29941.200000
737.487925,29743.400000
739.634187,29550.400000
741.779536,29104.000000
743.923972,28626.600000
746.067495,28665.200000
748.210106,28590.800000
750.351806,28479.600000
752.492594,28280.400000
754.632472,28171.200000
756.771439,28209.000000
758.909497,28087.200000
761.046646,28188.400000
763.182886,28188.400000
765.318217,28258.400000
767.452642,28185.000000
769.586159,28019.000000
771.718769,27966.800000
773.850474,28115.600000
775.981272,28096.400000
778.111166,27898.600000
780.240155,28149.600000
782.368240,28163.600000
784.495421,28336.600000
786.621699,28306.600000
788.747075,28346.600000
790.871548,28099.800000
792.995119,28082.000000
795.117790,28087.000000
797.239560,28133.400000
799.360430,27998.600000
801.480400,28071.800000
803.599471,28227.800000
805.717643,28194.200000
807.834917,28324.000000
809.951293,28463.400000
812.066773,28336.000000
814.181355,28584.800000
816.295041,28461.200000
818.407832,28532.000000
820.519727,28710.400000
822.630728,28647.400000
824.740835,28869.200000
826.850047,29089.800000
828.958367,29278.000000
831.065794,29665.600000
833.172328,30066.600000
835.277971,30597.200000
837.382722,30634.600000
839.486583,30395.800000
841.589553,30000.800000
843.691634,29881.200000
845.792825,29765.000000
847.893127,29534.600000
849.992541,29172.000000
852.091067,28936.200000
854.188706,28917.600000
856.285458,28835.400000
858.381324,28883.800000
860.476303,28737.400000
862.570397,28663.800000
864.663606,28676.000000
866.755931,28671.400000
868.847372,28726.600000
870.937929,28692.400000
873.027603,28646.800000
875.116395,28646.600000
877.204304,28625.400000
879.291332,28397.400000
881.377479,28523.000000
883.462746,28450.600000
885.547132,28430.400000
887.630638,28615.200000
889.713266,28650.000000
891.795014,28521.200000
893.875885,28538.400000
895.955878,28396.400000
898.034993,28292.000000
900.113232,28200.400000
902.190595,28183.600000
904.267081,28124.000000
906.342693,28098.400000
908.417429,28096.000000
910.491291,28071.800000
912.564279,28234.200000
914.636394,28290.400000
916.707636,28330.400000
918.778005,28519.400000
920.847503,28724.800000
922.916128,28796.600000
924.983883,28857.000000
927.050767,28763.200000
929.116781,28411.000000
931.181926,28289.200000
933.246201,28124.600000
935.309608,27948.200000
937.372146,27648.600000
939.433817,27801.000000
941.494620,27744.800000
943.554557,27638.400000
945.613627,27763.800000
947.671831,27661.600000
949.729170,27651.200000
951.785645,27649.200000
953.841254,27619.000000
955.896000,27577.800000
957.949882,27528.200000
960.002901,27468.400000
962.055058,27465.400000
964.106352,27527.800000
966.156785,27511.400000
968.206357,27423.400000
970.255067,27327.800000
972.302918,27368.000000
974.349909,27509.600000
976.396041,27699.000000
978.441313,27604.400000
980.485728,27678.400000
982.529284,27836.200000
984.571983,27604.400000
986.613825,27653.800000
988.654811,27407.400000
990.694940,27597.200000
992.734214,27651.400000
994.772633,27741.600000
996.810197,27917.200000
998.846907,28166.400000
1000.882763,28274.400000
1002.917765,28088.400000
1004.951915,27881.400000
1006.985213,27876.800000
1009.017659,27650.200000
1011.049253,27816.400000
1013.079996,27826.600000
1015.109889,28008.200000
1017.138932,27994.600000
1019.167125,28059.600000
1021.194469,28029.600000
1023.220964,28241.800000
1025.246611,28145.800000
1027.271410,28300.800000
1029.295362,28353.200000
1031.318467,28334.800000
1033.340725,28383.200000
1035.362138,28398.800000
1037.382705,28481.400000
1039.402427,28359.000000
1041.421305,28215.000000
1043.439338,28203.400000
1045.456527,28320.600000
1047.472874,28455.800000
1049.488378,28467.600000
1051.503039,28472.200000
1053.516858,28297.800000
1055.529836,28310.200000
1057.541973,28236.800000
1059.553270,28260.600000
1061.563726,28359.400000
1063.573343,28323.800000
1065.582121,28367.400000
1067.590060,28449.200000
1069.597161,28383.200000
1071.603424,28606.400000
1073.608849,28568.800000
1075.613438,28566.800000
1077.617190,28613.000000
1079.620106,28749.000000
1081.622187,28680.600000
1083.623432,28564.600000
1085.623843,28609.800000
1087.623419,28755.600000
1089.622162,28887.800000
1091.620072,28827.200000
1093.617148,28795.600000
1095.613392,28664.600000
1097.608804,28747.400000
1099.603385,28855.600000
1101.597134,28857.400000
1103.590053,28802.600000
1105.582142,28654.400000
1107.573400,28696.000000
1109.563830,28704.800000
1111.553430,28704.400000
1113.542203,28757.600000
1115.530147,28630.400000
1117.517263,28945.800000
1119.503553,28890.400000
1121.489015,29246.200000
1123.473652,29540.800000
1125.457462,29732.400000
1127.440448,29847.600000
1129.422608,29474.600000
1131.403944,29169.800000
1133.384456,28766.600000
1135.364144,28667.200000
1137.343009,28609.600000
1139.321052,28350.400000
1141.298272,28274.800000
1143.274670,28173.600000
1145.250247,28108.200000
1147.225003,27989.200000
1149.198938,28038.600000
1151.172054,27997.000000
1153.144349,27948.200000
1155.115826,28014.400000
1157.086483,27951.000000
1159.056322,27988.200000
1161.025344,27958.800000
1162.993547,27837.600000
1164.960934,27961.200000
1166.927504,27816.400000
1168.893258,27867.400000
1170.858196,27865.600000
1172.822319,27766.800000
1174.785627,27646.200000
1176.748121,27761.800000
1178.709800,27692.800000
1180.670666,27752.800000
1182.630719,27780.800000
1184.589959,27792.600000
1186.548387,27731.800000
1188.506003,27632.600000
1190.462807,27814.800000
1192.418801,27713.400000
1194.373984,27785.200000
1196.328356,27807.800000
1198.281919,27732.000000
1200.234673,27751.600000
1202.186618,27730.800000
1204.137754,27694.000000
1206.088083,27628.200000
1208.037603,27650.200000
1209.986317,27514.400000
1211.934224,27520.400000
1213.881325,27530.200000
1215.827620,27540.200000
1217.773109,27430.400000
1219.717793,27372.200000
1221.661673,27352.400000
1223.604748,27348.800000
1225.547020,27328.400000
1227.488489,27252.200000
1229.429154,27197.800000
1231.369017,27142.200000
1233.308078,27259.600000
1235.246338,27425.400000
1237.183796,27350.600000
1239.120454,27252.400000
1241.056311,27277.800000
1242.991368,27371.200000
1244.925625,27317.000000
1246.859084,27435.000000
1248.791744,27611.000000
1250.723605,27732.600000
1252.654669,27768.200000
1254.584936,27801.000000
1256.514405,27760.400000
1258.443078,27789.400000
1260.370954,27647.400000
1262.298035,27620.000000
1264.224321,27651.800000
1266.149811,27612.800000
1268.074508,27616.000000
1269.998410,27647.000000
1271.921518,27553.800000
1273.843833,27640.400000
1275.765356,27596.000000
1277.686086,27687.800000
1279.606024,27746.600000
1281.525170,27745.200000
1283.443526,27635.800000
1285.361090,27774.400000
1287.277864,27887.400000
1289.193849,27921.000000
1291.109044,28229.400000
1293.023449,28259.800000
1294.937066,28420.800000
1296.849895,28571.200000
1298.761936,28574.800000
1300.673190,28708.800000
1302.583656,28739.800000
1304.493336,28528.600000
1306.402230,28744.000000
1308.310338,28515.800000
1310.217661,28439.800000
1312.124198,28386.000000
1314.029952,28016.400000
1315.934921,27909.200000
1317.839106,27689.000000
1319.742508,27731.400000
1321.645127,27725.600000
1323.546963,27695.800000
1325.448018,27682.600000
1327.348290,27715.000000
1329.247782,27831.600000
1331.146493,27921.600000
1333.044423,28149.000000
1334.941573,28053.600000
1336.837943,28230.800000
1338.733535,28258.600000
1340.628347,28449.200000
1342.522381,28301.000000
1344.415637,28337.800000
1346.308115,28059.800000
1348.199816,27889.800000
1350.090741,27918.600000
1351.980889,27917.200000
1353.870261,27651.800000
1355.758857,27446.200000
1357.646678,27440.800000
1359.533724,27452.400000
1361.419996,27469.000000
1363.305494,27269.800000
1365.190219,27454.000000
1367.074170,27435.600000
1368.957349,27644.800000
1370.839755,27455.000000
1372.721389,27524.600000
1374.602252,27564.200000
1376.482343,27725.000000
1378.361664,27729.200000
1380.240214,27736.400000
1382.117995,27705.800000
1383.995005,27662.600000
1385.871247,27667.200000
1387.746720,27561.200000
1389.621424,27505.200000
1391.495361,27614.200000
1393.368530,27682.600000
1395.240932,27549.600000
1397.112567,27789.600000
1398.983435,27818.400000
1400.853538,27931.200000
1402.722875,28168.000000
1404.591447,28546.800000
1406.459254,28604.600000
1408.326297,28734.400000
1410.192576,28837.600000
1412.058091,28727.800000
1413.922843,28632.600000
1415.786832,28559.200000
1417.650059,28625.600000
1419.512523,28438.600000
1421.374226,28491.400000
1423.235168,28644.800000
1425.095349,29087.000000
1426.954770,29649.000000
1428.813430,30430.600000
1430.671331,31552.600000
1432.528472,32363.400000
1434.384855,32860.200000
1436.240479,32894.600000
1438.095345,32639.000000
1439.949454,32330.000000
1441.802805,31793.200000
1443.655399,31255.200000
1445.507237,31150.600000
1447.358318,31028.000000
1449.208644,30988.600000
1451.058214,30933.600000
1452.907030,30845.400000
1454.755090,30720.200000
1456.602397,30425.800000
1458.448950,30091.400000
1460.294749,29898.800000
1462.139796,29543.000000
1463.984089,29117.200000
1465.827631,28636.200000
1467.670420,28037.000000
1469.512458,27481.800000
1471.353745,27130.800000
1473.194282,26830.200000
1475.034068,26546.600000
1476.873104,26287.600000
1478.711390,26145.600000
1480.548928,26036.200000
1482.385716,25835.200000
1484.221756,25872.000000
1486.057049,25933.200000
1487.891593,25955.200000
1489.725390,25917.600000
1491.558441,25906.400000
1493.390745,25707.800000
1495.222302,25745.200000
1497.053115,25757.800000
1498.883181,25695.600000
1500.712503,25628.000000
1502.541080,25534.200000
1504.368914,25449.200000
1506.196003,25546.400000
1508.022349,25657.600000
1509.847952,25495.200000
1511.672812,25413.800000
1513.496930,25300.400000
1515.320306,25240.400000
1517.142940,25050.200000
1518.964833,24854.600000
1520.785986,24753.600000
1522.606398,24585.200000
1524.426070,24511.800000
1526.245003,24423.200000
1528.063196,24236.400000
1529.880650,24235.400000
1531.697366,24076.200000
1533.513344,24108.400000
1535.328584,23942.200000
1537.143087,24018.000000
1538.956852,23980.800000
1540.769882,23730.400000
1542.582174,23722.200000
1544.393731,23735.800000
1546.204553,23695.600000
1548.014639,23642.000000
1549.823991,23663.600000
1551.632608,23544.000000
1553.440492,23522.200000
1555.247641,23502.200000
1557.054058,23539.600000
1558.859741,23553.800000
1560.664693,23461.600000
1562.468912,23453.400000
1564.272399,23511.400000
1566.075155,23435.400000
1567.877180,23439.400000
1569.678474,23481.000000
1571.479038,23467.600000
1573.278872,23493.400000
1575.077977,23504.800000
1576.876352,23502.000000
1578.673999,23593.000000
1580.470917,23547.000000
1582.267107,23554.600000
1584.062570,23592.800000
1585.857305,23554.000000
1587.651313,23646.200000
1589.444595,23484.200000
1591.237151,23641.000000
1593.028981,23673.200000
1594.820085,23773.000000
1596.610464,23588.200000
1598.400119,23690.600000
1600.189049,23753.600000
1601.977255,23620.000000
1603.764738,23587.800000
1605.551497,23648.600000
1607.337534,23563.600000
1609.122848,23469.800000
1610.907440,23463.400000
1612.691310,23492.400000
1614.474458,23516.200000
1616.256886,23442.400000
1618.038593,23466.000000
1619.819579,23571.000000
1621.599846,23336.400000
1623.379393,23469.600000
1625.158221,23460.200000
1626.936330,23373.200000
1628.713720,23418.400000
1630.490393,23474.000000
1632.266347,23590.400000
1634.041584,23578.800000
1635.816104,23407.200000
1637.589908,23332.000000
1639.362995,23298.400000
1641.135366,23296.400000
1642.907021,23203.400000
1644.677961,23065.600000
1646.448187,23086.400000
1648.217698,22939.800000
1649.986494,22756.600000
1651.754577,22743.200000
1653.521947,22738.600000
1655.288603,22702.800000
1657.054547,22596.400000
1658.819778,22466.400000
1660.584297,22401.200000
1662.348105,22356.800000
1664.111201,22157.200000
1665.873586,22271.400000
1667.635261,22204.400000
1669.396226,22147.800000
1671.156480,22115.200000
1672.916026,22002.600000
1674.674862,22118.000000
1676.432989,22184.600000
1678.190408,21986.200000
1679.947118,21999.400000
1681.703122,21915.400000
1683.458417,21812.000000
1685.213006,21781.400000
1686.966888,21802.000000
1688.720064,21867.800000
1690.472533,22001.000000
1692.224298,21801.000000
1693.975357,21808.400000
1695.725711,21902.800000
1697.475360,21811.400000
1699.224305,21781.800000
1700.972547,21713.200000
1702.720085,21660.400000
1704.466920,21660.600000
1706.213052,21637.800000
1707.958482,21474.000000
1709.703210,21464.400000
1711.447236,21478.800000
1713.190560,21560.200000
1714.933184,21637.000000
1716.675107,21511.400000
1718.416329,21540.000000
1720.156852,21593.200000
1721.896675,21549.800000
1723.635799,21684.400000
1725.374224,21563.200000
1727.111950,21467.800000
1728.848979,21437.200000
1730.585309,21397.200000
1732.320942,21471.400000
1734.055877,21432.600000
1735.790116,21359.600000
1737.523658,21441.200000
1739.256505,21466.600000
1740.988655,21391.400000
1742.720110,21307.800000
1744.450870,21348.400000
1746.180935,21306.200000
1747.910306,21342.600000
1749.638983,21196.200000
1751.366966,21144.000000
1753.094255,21037.200000
1754.820852,21045.000000
1756.546756,21130.600000
1758.271968,21050.400000
1759.996488,21017.400000
1761.720316,20897.400000
1763.443453,20834.400000
1765.165899,20766.400000
1766.887654,20734.000000
1768.608719,20656.600000
1770.329094,20595.200000
1772.048780,20493.200000
1773.767776,20438.800000
1775.486084,20385.400000
1777.203703,20296.600000
1778.920634,20403.400000
1780.636877,20386.400000
1782.352432,20319.000000
1784.067301,20176.800000
1785.781482,20123.000000
1787.494977,20217.600000
1789.207786,20186.600000
1790.919909,20090.800000
1792.631346,20064.000000
1794.342099,20037.400000
1796.052166,20008.200000
1797.761550,20002.600000
1799.470249,20090.800000
1801.178264,19996.600000
1802.885596,19987.800000
1804.592245,20008.200000
1806.298211,19846.800000
1808.003495,19757.600000
1809.708096,19776.000000
1811.412016,19828.200000
1813.115254,19855.000000
1814.817812,19849.600000
1816.519688,19678.800000
1818.220885,19673.200000
1819.921401,19715.400000
1821.621237,19571.000000
1823.320394,19527.400000
1825.018872,19512.000000
1826.716672,19515.400000
1828.413793,19436.200000
1830.110236,19378.400000
1831.806001,19374.200000
1833.501089,19369.800000
1835.195500,19389.600000
1836.889234,19419.800000
1838.582291,19272.800000
1840.274673,19232.400000
1841.966379,19315.400000
1843.657410,19244.200000
1845.347765,19179.400000
1847.037446,19184.000000
1848.726453,19104.600000
1850.414785,19065.600000
1852.102444,19018.000000
1853.789429,18926.800000
1855.475742,18950.200000
1857.161381,18786.800000
1858.846349,18825.600000
1860.530644,18735.000000
1862.214267,18711.800000
1863.897220,18509.400000
1865.579501,18377.600000
1867.261111,18300.000000
1868.942051,18374.600000
1870.622321,18331.600000
1872.301921,18306.600000
1873.980851,18221.200000
1875.659113,18179.800000
1877.336706,18222.200000
1879.013630,18081.000000
1880.689887,18040.600000
1882.365475,17913.600000
1884.040396,17953.400000
1885.714650,17916.000000
1887.388238,18110.200000
1889.061158,17817.400000
1890.733413,17922.400000
1892.405002,17875.000000
1894.075925,17899.400000
1895.746183,17923.000000
1897.415777,17803.000000
1899.084706,17746.600000
1900.752970,17835.000000
1902.420571,17845.600000
1904.087508,17751.600000
1905.753783,17695.600000
1907.419394,17695.600000
1909.084342,17659.200000
1910.748629,17640.200000
1912.412253,17642.000000
1914.075216,17538.400000
1915.737518,17482.400000
1917.399159,17517.200000
1919.060139,17462.600000
1920.720459,17513.400000
1922.380119,17309.800000
1924.039119,17396.400000
1925.697460,17469.000000
1927.355142,17349.200000
1929.012165,17388.200000
1930.668530,17299.800000
1932.324237,17226.200000
1933.979286,17220.600000
1935.633677,17204.400000
1937.287412,17237.600000
1938.940490,17230.600000
1940.592911,17132.000000
1942.244677,17126.400000
1943.895786,17173.400000
1945.546240,17127.800000
1947.196039,17149.800000
1948.845183,17124.400000
1950.493673,17048.200000
1952.141508,16991.000000
1953.788690,17041.000000
1955.435218,17047.600000
1957.081092,16995.400000
1958.726314,16905.200000
1960.370883,16902.200000
1962.014800,16925.400000
1963.658065,16894.400000
1965.300678,16894.800000
1966.942640,16819.800000
1968.583951,16750.400000
1970.224611,16692.000000
1971.864620,16669.400000
1973.503980,16621.400000
1975.142690,16601.800000
1976.780750,16680.200000
1978.418162,16634.600000
1980.054924,16563.200000
1981.691038,16527.600000
1983.326504,16422.800000
1984.961322,16546.600000
1986.595492,16499.200000
1988.229015,16446.600000
1989.861891,16443.000000
1991.494121,16481.400000
1993.125704,16365.800000
1994.756641,16400.000000
1996.386933,16448.000000
1998.016579,16409.200000
1999.645580,16457.000000
2001.273936,16436.400000
2002.901648,16434.600000
2004.528716,16332.800000
2006.155140,16374.400000
2007.780921,16348.200000
2009.406058,16366.200000
2011.030552,16239.400000
2012.654404,16199.200000
2014.277614,16207.600000
2015.900182,16288.800000
2017.522108,16197.400000
2019.143392,16160.600000
2020.764036,16170.000000
2022.384039,16158.000000
2024.003402,16165.000000
2025.622124,16063.800000
2027.240207,16112.600000
2028.857650,16009.800000
2030.474454,16031.600000
2032.090619,16002.800000
2033.706146,15978.600000
2035.321035,16049.200000
2036.935285,15941.800000
2038.548898,15891.000000
2040.161874,15856.600000
2041.774212,15890.800000
2043.385914,15813.800000
2044.996979,15772.200000
2046.607409,15701.800000
2048.217202,15763.800000
2049.826360,15758.200000
2051.434883,15734.400000
2053.042771,15654.600000
2054.650025,15555.000000
2056.256644,15554.600000
2057.862629,15498.000000
2059.467981,15504.400000
2061.072699,15443.000000
2062.676784,15428.200000
2064.280237,15365.600000
2065.883057,15330.600000
2067.485245,15378.000000
2069.086801,15272.400000
2070.687725,15286.600000
2072.288019,15170.200000
2073.887681,15145.200000
2075.486713,15073.400000
2077.085114,15074.800000
2078.682886,15122.200000
2080.280027,15140.800000
2081.876540,15121.600000
2083.472423,15087.800000
2085.067677,15040.200000
2086.662303,15015.600000
2088.256301,14892.000000
2089.849671,14933.400000
2091.442413,14977.200000
2093.034528,14932.400000
2094.626016,14864.400000
2096.216877,14741.200000
2097.807112,14823.800000
2099.396720,14837.400000
2100.985703,14802.600000
2102.574060,14873.000000
2104.161793,14795.000000
2105.748900,14764.600000
2107.335382,14673.200000
2108.921241,14638.200000
2110.506475,14585.600000
2112.091086,14605.600000
2113.675073,14539.600000
2115.258437,14386.400000
2116.841178,14439.800000
2118.423297,14415.400000
2120.004793,14467.800000
2121.585668,14354.400000
2123.165920,14330.800000
2124.745552,14204.400000
2126.324562,14305.400000
2127.902952,14210.400000
2129.480721,14198.200000
2131.057870,14178.200000
2132.634400,14034.200000
2134.210309,14032.800000
2135.785600,14025.000000
2137.360271,13961.200000
2138.934324,13870.000000
2140.507758,13900.000000
2142.080574,13916.000000
2143.652773,13916.800000
2145.224354,13886.400000
2146.795317,13809.600000
2148.365664,13712.200000
2149.935394,13753.600000
2151.504508,13662.600000
2153.073006,13691.800000
2154.640888,13641.000000
2156.208154,13603.200000
2157.774805,13521.000000
2159.340842,13519.200000
2160.906264,13452.000000
2162.471071,13472.400000
2164.035265,13447.000000
2165.598845,13374.400000
2167.161811,13298.000000
2168.724165,13262.600000
2170.285905,13270.800000
2171.847033,13206.800000
2173.407549,13211.000000
2174.967452,13180.000000
2176.526744,13176.200000
2178.085425,13126.400000
2179.643494,13002.000000
2181.200953,12998.800000
2182.757801,13029.400000
2184.314039,12892.600000
2185.869667,12950.200000
2187.424685,12920.800000
2188.979094,12910.800000
2190.532894,12805.800000
2192.086085,12787.200000
2193.638668,12741.000000
2195.190642,12705.000000
2196.742009,12632.800000
2198.292767,12626.200000
2199.842919,12569.400000
2201.392463,12628.600000
2202.941400,12560.600000
2204.489731,12653.000000
2206.037456,12595.600000
2207.584575,12536.200000
2209.131088,12512.000000
2210.676996,12498.600000
2212.222299,12437.400000
2213.766997,12426.000000
2215.311090,12434.600000
2216.854580,12402.400000
2218.397465,12437.600000
2219.939747,12349.800000
2221.481425,12239.000000
2223.022500,12271.400000
2224.562973,12265.600000
2226.102843,12286.600000
2227.642110,12198.200000
2229.180776,12206.600000
2230.718840,12239.000000
2232.256303,12162.800000
2233.793164,12168.600000
2235.329425,12134.200000
2236.865085,12154.200000
2238.400145,12128.600000
2239.934605,12125.000000
2241.468466,12031.200000
2243.001726,12003.000000
2244.534388,11940.800000
2246.066451,12051.000000
2247.597915,12042.600000
2249.128781,11994.000000
2250.659049,11894.800000
2252.188720,11911.400000
2253.717793,11885.000000
2255.246268,11968.600000
2256.774147,11878.600000
2258.301429,11821.600000
2259.828115,11797.800000
2261.354205,11820.800000
2262.879699,11812.200000
2264.404598,11834.600000
2265.928901,11733.600000
2267.452609,11716.400000
2268.975723,11674.600000
2270.498242,11632.800000
2272.020168,11646.400000
2273.541499,11613.000000
2275.062237,11615.800000
2276.582382,11573.600000
2278.101933,11478.600000
2279.620892,11441.000000
2281.139259,11404.600000
2282.657033,11406.800000
2284.174216,11378.600000
2285.690806,11314.000000
2287.206806,11240.800000
2288.722214,11178.000000
2290.237032,11099.800000
2291.751259,10959.800000
2293.264896,10782.200000
2294.777943,10792.600000
2296.290400,10756.000000
2297.802268,10607.400000
2299.313547,10497.600000
2300.824237,10525.200000
2302.334338,10355.600000
2303.843851,10312.000000
2305.352776,10265.400000
2306.861113,10169.400000
2308.368863,10070.600000
2309.876026,9952.200000
2311.382601,10019.400000
2312.888590,10053.000000
2314.393992,10040.400000
2315.898809,10019.400000
2317.403039,10042.800000
2318.906684,10117.200000
2320.409744,10133.800000
2321.912218,10160.600000
2323.414108,10221.600000
2324.915414,10244.400000
2326.416135,10312.600000
2327.916272,10374.200000
2329.415825,10475.800000
2330.914795,10492.200000
2332.413182,10481.800000
2333.910986,10540.400000
2335.408208,10539.600000
2336.904847,10545.000000
2338.400904,10621.200000
2339.896379,10687.000000
2341.391273,10606.200000
2342.885586,10665.000000
2344.379317,10647.600000
2345.872468,10658.200000
2347.365038,10655.800000
2348.857029,10602.600000
2350.348439,10681.200000
2351.839270,10655.200000
2353.329521,10641.600000
2354.819193,10661.600000
2356.308286,10690.000000
2357.796801,10697.000000
2359.284738,10570.400000
2360.772096,10581.600000
2362.258877,10633.800000
2363.745080,10574.800000
2365.230706,10596.800000
2366.715755,10448.200000
2368.200227,10498.800000
2369.684123,10467.400000
2371.167443,10438.600000
2372.650187,10419.400000
2374.132355,10391.200000
2375.613948,10362.000000
2377.094965,10427.600000
2378.575408,10366.400000
2380.055276,10348.800000
2381.534570,10265.600000
2383.013290,10267.000000
2384.491436,10249.000000
2385.969009,10210.800000
2387.446008,10186.600000
2388.922435,10146.200000
2390.398288,10099.200000
2391.873569,10196.800000
2393.348278,10090.600000
2394.822415,10042.600000
2396.295981,10064.200000
2397.768975,9995.200000
2399.241397,9959.000000
2400.713249,9887.800000
2402.184531,9897.000000
2403.655242,9882.200000
2405.125382,9947.800000
2406.594953,9846.200000
2408.063955,9812.200000
2409.532387,9739.400000
2411.000250,9704.000000
2412.467544,9675.400000
2413.934270,9638.200000
2415.400427,9659.600000
2416.866017,9676.400000
2418.331038,9643.600000
2419.795492,9597.800000
2421.259379,9603.400000
2422.722699,9482.600000
2424.185452,9467.000000
2425.647639,9454.000000
2427.109260,9471.200000
2428.570315,9461.200000
2430.030804,9432.600000
2431.490727,9341.800000
2432.950086,9356.400000
2434.408879,9254.600000
2435.867108,9309.200000
2437.324772,9288.400000
2438.781873,9235.800000
2440.238409,9180.600000
2441.694382,9245.800000
2443.149792,9263.000000
2444.604638,9182.200000
2446.058922,9138.000000
2447.512643,9146.600000
2448.965802,9064.800000
2450.418398,9069.400000
2451.870433,9024.600000
2453.321906,9010.600000
2454.772818,9051.000000
2456.223169,9052.600000
2457.672959,8960.400000
2459.122189,9010.400000
2460.570858,8942.600000
2462.018967,8895.800000
2463.466517,8843.000000
2464.913507,8849.000000
2466.359938,8784.400000
2467.805810,8785.000000
2469.251123,8777.600000
2470.695877,8779.400000
2472.140073,8732.400000
2473.583712,8620.400000
2475.026792,8637.800000
2476.469315,8598.600000
2477.911281,8617.000000
2479.352690,8613.400000
2480.793542,8571.200000
2482.233838,8583.600000
2483.673578,8517.200000
2485.112761,8501.800000
2486.551389,8467.200000
2487.989461,8459.400000
2489.426978,8415.200000
2490.863941,8427.400000
2492.300348,8372.200000
2493.736201,8376.600000
2495.171500,8282.800000
2496.606245,8322.000000
2498.040436,8236.400000
2499.474074,8228.600000
2500.907159,8204.000000
2502.339690,8207.000000
2503.771669,8137.800000
2505.203096,8151.400000
2506.633970,8099.800000
2508.064293,8099.800000
2509.494063,8049.800000
2510.923283,8056.600000
2512.351951,8006.400000
2513.780068,7949.200000
2515.207634,7940.600000
2516.634650,7903.200000
2518.061116,7870.200000
2519.487032,7897.400000
2520.912398,7858.800000
2522.337215,7809.600000
2523.761482,7798.600000
2525.185201,7752.200000
2526.608370,7685.800000
2528.030992,7718.000000
2529.453065,7694.200000
2530.874590,7695.800000
2532.295568,7648.000000
2533.715998,7635.800000
2535.135880,7578.600000
2536.555216,7603.000000
2537.974005,7630.800000
2539.392248,7524.800000
2540.809944,7521.800000
2542.227094,7488.600000
2543.643699,7461.400000
2545.059758,7451.400000
2546.475272,7433.800000
2547.890241,7454.400000
2549.304665,7385.000000
2550.718544,7408.600000
2552.131880,7359.400000
2553.544671,7358.600000
2554.956918,7312.200000
2556.368622,7259.000000
2557.779783,7254.200000
2559.190400,7234.000000
2560.600475,7256.600000
2562.010007,7216.200000
2563.418997,7186.000000
2564.827445,7143.400000
2566.235351,7128.800000
2567.642715,7130.600000
2569.049538,7104.400000
2570.455820,7086.000000
2571.861561,7054.200000
2573.266762,7028.200000
2574.671422,7046.400000
2576.075542,6992.400000
2577.479122,7019.200000
2578.882162,6981.200000
2580.284663,6943.800000
2581.686625,6923.400000
2583.088048,6919.000000
2584.488932,6902.600000
2585.889278,6842.600000
2587.289086,6833.200000
2588.688355,6793.600000
2590.087087,6803.800000
2591.485281,6774.800000
2592.882938,6761.000000
2594.280059,6685.400000
2595.676642,6666.000000
2597.072689,6643.000000
2598.468199,6618.000000
2599.863174,6585.800000
2601.257613,6561.000000
2602.651516,6492.000000
2604.044884,6494.000000
2605.437717,6483.600000
2606.830014,6426.400000
2608.221778,6359.000000
2609.613007,6324.200000
2611.003702,6277.800000
2612.393862,6243.200000
2613.783490,6177.000000
2615.172584,6153.600000
2616.561144,6054.200000
2617.949172,5991.200000
2619.336667,5924.400000
2620.723630,5891.600000
2622.110060,5863.800000
2623.495958,5804.200000
2624.881325,5703.800000
2626.266160,5679.800000
2627.650464,5615.200000
2629.034236,5609.200000
2630.417478,5525.800000
2631.800190,5494.800000
2633.182371,5476.000000
2634.564022,5435.200000
2635.945143,5404.400000
2637.325734,5404.400000
2638.705796,5365.800000
2640.085329,5388.600000
2641.464333,5369.400000
2642.842808,5370.200000
2644.220755,5329.000000
2645.598173,5378.200000
2646.975064,5371.200000
2648.351427,5348.800000
2649.727262,5357.800000
2651.102570,5450.400000
2652.477351,5419.600000
2653.851605,5420.800000
2655.225333,5432.200000
2656.598534,5453.000000
2657.971209,5510.400000
2659.343358,5521.600000
2660.714982,5534.400000
2662.086080,5601.800000
2663.456653,5618.600000
2664.826701,5638.600000
2666.196224,5645.800000
2667.565223,5639.800000
2668.933697,5703.200000
2670.301648,5674.000000
2671.669075,5685.800000
2673.035978,5737.000000
2674.402357,5736.600000
2675.768214,5787.400000
2677.133548,5822.400000
2678.498359,5797.600000
2679.862648,5822.400000
2681.226414,5799.000000
2682.589659,5788.400000
2683.952382,5890.000000
2685.314583,5863.600000
2686.676264,5903.400000
2688.037423,5911.200000
2689.398061,5889.000000
2690.758179,5903.400000
2692.117776,5927.000000
2693.476854,5894.800000
2694.835411,5895.000000
2696.193449,5959.800000
2697.550967,5941.000000
2698.907966,5947.000000
2700.264447,5962.400000
2701.620408,5987.000000
2702.975851,6005.600000
2704.330776,6003.800000
2705.685182,6009.800000
2707.039071,6029.000000
2708.392442,6042.200000
2709.745296,5969.000000
2711.097633,6026.400000
2712.449453,6093.800000
2713.800756,6069.200000
2715.151542,6107.600000
2716.501813,6126.000000
2717.851567,6075.800000
2719.200806,6078.200000
2720.549529,6114.800000
2721.897737,6023.400000
2723.245429,6049.400000
2724.592607,5973.000000
2725.939270,6018.600000
2727.285419,6019.400000
2728.631053,5933.200000
2729.976173,5873.400000
2731.320780,5864.600000
2732.664873,5804.000000
2734.008453,5801.200000
2735.351520,5699.200000
2736.694074,5687.800000
2738.036115,5652.800000
2739.377644,5629.800000
2740.718661,5572.000000
2742.059166,5521.000000
2743.399159,5497.000000
2744.738641,5477.800000
2746.077611,5461.600000
2747.416070,5441.200000
2748.754018,5418.000000
2750.091456,5362.200000
2751.428384,5342.800000
2752.764801,5339.000000
2754.100708,5288.400000
2755.436106,5337.000000
2756.770994,5304.400000
2758.105372,5236.800000
2759.439242,5168.400000
2760.772603,5186.800000
2762.105455,5164.800000
2763.437799,5191.800000
2764.769635,5128.200000
2766.100963,5129.000000
2767.431783,5115.000000
2768.762095,5046.200000
2770.091901,5096.000000
2771.421199,5086.400000
2772.749990,5025.200000
2774.078275,5015.800000
2775.406053,4954.000000
2776.733325,4956.600000
2778.060091,4942.400000
2779.386352,4958.000000
2780.712107,4940.200000
2782.037356,4915.000000
2783.362101,4911.000000
2784.686341,4900.200000
2786.010076,4903.400000
2787.333306,4890.800000
2788.656033,4836.400000
2789.978255,4853.800000
2791.299974,4850.400000
2792.621189,4862.200000
2793.941901,4880.400000
2795.262109,4828.600000
2796.581815,4773.200000
2797.901018,4809.400000
2799.219719,4770.200000
2800.537917,4754.400000
2801.855614,4733.800000
2803.172808,4682.400000
2804.489501,4669.400000
2805.805693,4661.400000
2807.121383,4655.400000
2808.436573,4629.200000
2809.751262,4656.400000
2811.065450,4650.800000
2812.379138,4685.800000
2813.692326,4713.800000
2815.005014,4778.800000
2816.317202,4798.600000
2817.628891,4788.800000
2818.940081,4870.800000
2820.250772,4978.800000
2821.560964,5022.400000
2822.870658,5076.400000
2824.179853,5204.800000
2825.488550,5304.000000
2826.796749,5498.800000
2828.104450,5689.000000
2829.411654,5929.400000
2830.718361,6209.000000
2832.024571,6565.200000
2833.330284,6929.600000
2834.635500,7188.000000
2835.940219,7375.200000
2837.244443,7488.800000
2838.548171,7539.200000
2839.851402,7489.200000
2841.154139,7498.000000
2842.456380,7429.000000
2843.758125,7369.000000
2845.059376,7289.000000
2846.360132,7225.600000
2847.660394,7138.600000
2848.960161,7090.200000
2850.259435,7040.000000
2851.558214,6999.400000
2852.856500,6956.800000
2854.154292,6843.400000
2855.451591,6800.800000
2856.748398,6726.800000
2858.044711,6730.000000
2859.340532,6695.600000
2860.635860,6719.600000
2861.930697,6700.200000
2863.225041,6685.600000
2864.518893,6660.000000
2865.812254,6629.400000
2867.105124,6592.000000
2868.397503,6504.600000
2869.689391,6466.000000
2870.980788,6446.200000
2872.271694,6457.200000
2873.562111,6370.800000
2874.852037,6385.000000
2876.141473,6376.600000
2877.430420,6305.400000
2878.718877,6279.000000
2880.006846,6257.400000
2881.294325,6248.800000
2882.581315,6194.600000
2883.867817,6209.400000
2885.153830,6185.200000
2886.439355,6185.600000
2887.724393,6138.600000
2889.008942,6103.200000
2890.293004,6064.600000
2891.576579,6043.400000
2892.859666,6022.200000
2894.142267,5966.200000
2895.424381,5931.800000
2896.706008,5854.400000
2897.987149,5818.400000
2899.267804,5802.200000
2900.547973,5664.000000
2901.827657,5642.400000
2903.106855,5586.800000
2904.385568,5501.000000
2905.663795,5499.000000
2906.941538,5447.200000
2908.218796,5316.400000
2909.495570,5268.600000
2910.771860,5251.000000
2912.047665,5181.400000
2913.322987,5136.400000
2914.597825,5104.600000
2915.872180,5059.200000
2917.146051,5069.400000
2918.419440,4998.000000
2919.692345,4953.200000
2920.964768,4961.000000
2922.236709,4904.800000
2923.508168,4888.400000
2924.779144,4846.200000
2926.049639,4851.600000
2927.319653,4777.800000
2928.589184,4736.400000
2929.858235,4689.000000
2931.126805,4571.200000
2932.394894,4471.200000
2933.662503,4409.400000
2934.929631,4309.000000
2936.196279,4207.400000
2937.462447,4116.600000
2938.728136,4062.400000
2939.993345,3968.000000
2941.258075,3914.000000
2942.522325,3885.200000
2943.786097,3785.400000
2945.049390,3766.400000
2946.312204,3740.200000
2947.574540,3705.400000
2948.836398,3624.000000
2950.097779,3631.800000
2951.358681,3564.400000
2952.619106,3557.600000
2953.879054,3515.200000
2955.138524,3467.000000
2956.397518,3443.400000
2957.656035,3366.600000
2958.914076,3312.600000
2960.171640,3282.800000
2961.428728,3256.400000
2962.685340,3213.200000
2963.941477,3148.800000
2965.197138,3130.400000
2966.452324,3057.000000
2967.707035,3017.200000
2968.961271,3004.600000
2970.215032,2966.600000
2971.468319,2919.800000
2972.721131,2887.000000
2973.973470,2841.400000
2975.225334,2843.400000
2976.476725,2787.200000
2977.727643,2765.000000
2978.978087,2723.200000
2980.228058,2711.800000
2981.477556,2682.800000
2982.726581,2638.600000
2983.975135,2640.000000
2985.223215,2569.400000
2986.470824,2560.800000
2987.717961,2538.600000
2988.964626,2529.200000
2990.210819,2485.200000
2991.456542,2464.200000
2992.701793,2425.600000
2993.946573,2408.800000
2995.190883,2411.000000
2996.434722,2340.600000
2997.678091,2305.600000
2998.920990,2287.600000
3000.163418,2253.400000
3001.405378,2236.600000
3002.646867,2204.000000
3003.887888,2180.200000
3005.128439,2132.000000
3006.368521,2121.600000
3007.608135,2090.600000
3008.847280,2073.200000
3010.085956,2059.000000
3011.324165,2026.400000
3012.561905,1974.200000
3013.799178,1944.200000
3015.035984,1937.400000
3016.272322,1917.800000
3017.508192,1910.200000
3018.743596,1894.600000
3019.978533,1864.400000
3021.213004,1858.600000
3022.447008,1845.400000
3023.680546,1781.600000
3024.913618,1814.400000
3026.146224,1776.800000
3027.378365,1788.200000
3028.610040,1763.000000
3029.841250,1742.200000
3031.071995,1718.400000
3032.302275,1695.000000
3033.532090,1674.000000
3034.761442,1692.000000
3035.990328,1677.200000
3037.218751,1683.000000
3038.446710,1658.400000
3039.674205,1621.600000
3040.901237,1644.600000
3042.127806,1626.600000
3043.353911,1620.400000
3044.579554,1602.800000
3045.804734,1605.400000
3047.029451,1589.600000
3048.253706,1585.800000
3049.477499,1572.600000
3050.700831,1554.000000
3051.923700,1551.800000
3053.146108,1557.800000
3054.368054,1539.000000
3055.589539,1538.200000
3056.810564,1514.000000
3058.031127,1518.000000
3059.251230,1495.800000
3060.470873,1491.200000
3061.690055,1476.200000
3062.908778,1494.600000
3064.127040,1442.400000
3065.344843,1472.200000
3066.562187,1458.600000
3067.779071,1433.000000
3068.995497,1449.200000
3070.211463,1474.400000
3071.426971,1425.800000
3072.642020,1453.600000
3073.856611,1448.600000
3075.070744,1453.400000
3076.284419,1486.800000
3077.497636,1464.800000
3078.710395,1469.200000
3079.922698,1465.000000
3081.134543,1478.000000
3082.345931,1492.800000
3083.556863,1489.000000
3084.767337,1498.000000
3085.977356,1491.600000
3087.186918,1499.400000
3088.396024,1504.000000
3089.604675,1510.200000
3090.812869,1507.200000
3092.020609,1517.800000
3093.227893,1510.400000
3094.434722,1505.400000
3095.641096,1502.600000
3096.847015,1513.600000
3098.052480,1521.600000
3099.257490,1489.800000
3100.462047,1499.400000
3101.666149,1488.200000
3102.869798,1532.600000
3104.072993,1491.000000
3105.275735,1519.200000
3106.478023,1474.400000
3107.679858,1474.600000
3108.881241,1475.400000
3110.082171,1505.600000
3111.282649,1482.600000
3112.482674,1472.600000
3113.682247,1449.800000
3114.881368,1483.800000
3116.080038,1489.200000
3117.278256,1457.000000
3118.476022,1472.600000
3119.673338,1451.800000
3120.870202,1456.200000
3122.066616,1445.200000
3123.262579,1449.800000
3124.458092,1449.800000
3125.653155,1437.200000
3126.847767,1418.200000
3128.041930,1412.000000
3129.235642,1417.400000
3130.428906,1408.400000
3131.621720,1411.600000
3132.814085,1393.000000
3134.006001,1384.400000
3135.197468,1385.400000
3136.388487,1375.600000
3137.579057,1370.800000
3138.769179,1370.000000
3139.958854,1333.800000
3141.148080,1356.400000
3142.336858,1332.000000
3143.525190,1341.000000
3144.713073,1318.200000
3145.900510,1322.000000
3147.087500,1308.000000
3148.274043,1312.400000
3149.460140,1332.600000
3150.645790,1300.000000
3151.830994,1308.800000
3153.015752,1272.000000
3154.200064,1291.800000
3155.383930,1296.000000
3156.567351,1265.000000
3157.750327,1282.200000
3158.932858,1255.400000
3160.114943,1250.600000
3161.296584,1271.600000
3162.477781,1230.200000
3163.658533,1226.800000
3164.838841,1222.600000
3166.018704,1202.800000
3167.198125,1220.000000
3168.377101,1224.000000
3169.555634,1213.800000
3170.733723,1199.800000
3171.911370,1208.000000
3173.088574,1175.400000
3174.265334,1199.000000
3175.441653,1170.600000
3176.617529,1184.000000
3177.792962,1169.400000
3178.967954,1166.400000
3180.142504,1159.400000
3181.316612,1151.600000
3182.490278,1158.800000
3183.663504,1135.600000
3184.836288,1149.800000
3186.008631,1144.600000
3187.180534,1137.200000
3188.351996,1126.200000
3189.523017,1126.400000
3190.693599,1122.200000
3191.863740,1101.400000
3193.033441,1110.600000
3194.202703,1120.600000
3195.371525,1100.400000
3196.539908,1087.800000
3197.707851,1066.200000
3198.875356,1080.600000
3200.042422,1073.400000
3201.209049,1070.600000
3202.375238,1081.600000
3203.540988,1061.400000
3204.706301,1047.800000
3205.871175,1062.400000
3207.035612,1058.200000
3208.199611,1046.200000
3209.363173,1048.600000
3210.526297,1032.200000
3211.688985,1037.800000
3212.851236,1028.400000
3214.013050,1017.200000
3215.174427,1016.400000
3216.335368,995.600000
3217.495873,1016.600000
3218.655942,978.800000
3219.815575,1005.200000
3220.974773,998.000000
3222.133535,978.200000
3223.291862,980.800000
3224.449754,966.200000
3225.607211,983.600000
3226.764233,946.000000
3227.920820,958.000000
3229.076974,914.200000
3230.232693,951.800000
3231.387977,950.400000
3232.542829,917.200000
3233.697246,931.600000
3234.851230,877.200000
3236.004780,906.600000
3237.157897,921.200000
3238.310582,900.200000
3239.462833,867.400000
3240.614652,869.000000
3241.766038,853.400000
3242.916992,833.400000
3244.067514,818.200000
3245.217604,828.400000
3246.367263,785.000000
3247.516489,758.600000
3248.665284,746.200000
3249.813648,723.600000
3250.961581,710.800000
3252.109083,692.200000
3253.256154,662.000000
3254.402795,614.200000
3255.549005,606.400000
3256.694785,600.200000
3257.840135,594.200000
3258.985055,574.000000
3260.129545,545.600000
3261.273606,535.200000
3262.417237,517.400000
3263.560439,500.000000
3264.703213,480.800000
3265.845557,453.000000
3266.987473,437.600000
3268.128960,435.400000
3269.270019,462.200000
3270.410650,431.000000
3271.550852,420.000000
3272.690627,393.600000
3273.829974,381.800000
3274.968894,393.200000
3276.107387,376.200000
3277.245452,372.200000
3278.383090,361.600000
3279.520302,344.600000
3280.657087,365.200000
3281.793445,367.200000
3282.929378,355.000000
3284.064884,350.400000
3285.199964,323.400000
3286.334618,331.000000
3287.468847,328.400000
3288.602650,326.600000
3289.736029,331.800000
3290.868982,304.600000
3292.001510,305.600000
3293.133613,315.400000
3294.265292,329.000000
3295.396546,305.800000
3296.527376,314.400000
3297.657782,310.000000
3298.787764,295.600000
3299.917322,283.200000
3301.046457,301.000000
3302.175169,293.800000
3303.303457,319.600000
3304.431322,299.600000
3305.558764,298.800000
3306.685783,297.600000
3307.812380,303.200000
3308.938555,276.400000
3310.064307,302.000000
3311.189637,297.800000
3312.314545,291.200000
3313.439032,293.000000
3314.563097,289.800000
3315.686740,278.600000
3316.809963,296.800000
3317.932764,264.600000
3319.055144,298.600000
3320.177104,287.200000
3321.298643,261.000000
3322.419762,265.600000
3323.540460,275.000000
3324.660739,295.400000
3325.780597,288.600000
3326.900036,283.200000
3328.019055,262.600000
3329.137655,261.200000
3330.255836,279.800000
3331.373597,285.400000
3332.490940,283.600000
3333.607864,283.200000
3334.724369,253.400000
3335.840456,269.800000
3336.956125,252.200000
3338.071376,275.800000
3339.186209,257.000000
3340.300624,253.400000
3341.414621,252.000000
3342.528201,260.200000
3343.641364,246.000000
3344.754110,274.000000
3345.866438,249.600000
3346.978350,240.600000
3348.089846,238.800000
3349.200925,249.200000
3350.311588,234.000000
3351.421834,231.200000
3352.531665,233.600000
3353.641080,222.600000
3354.750079,217.600000
3355.858663,240.400000
3356.966832,229.200000
3358.074585,222.800000
3359.181924,226.400000
3360.288848,217.600000
3361.395357,214.200000
3362.501451,217.600000
3363.607132,215.200000
3364.712398,213.200000
3365.817250,212.000000
3366.921689,210.400000
3368.025713,193.800000
3369.129325,202.000000
3370.232523,198.000000
3371.335308,174.000000
3372.437679,181.800000
3373.539638,196.000000
3374.641185,171.000000
3375.742318,161.200000
3376.843040,165.600000
3377.943349,162.200000
3379.043246,160.600000
3380.142732,145.000000
3381.241805,159.600000
3382.340467,140.400000
3383.438718,123.200000
3384.536557,143.000000
3385.633986,129.600000
3386.731003,134.600000
3387.827610,89.400000
3388.923806,117.600000
3390.019592,100.800000
3391.114967,-89.600000
3392.209933,-87.400000
3393.304488,-82.600000
3394.398634,-97.800000
3395.492370,399.400000