-28.903435,531.400000
-26.423292,590.400000
-23.944256,638.200000
-21.466323,716.800000
-18.989495,799.200000
-16.513770,831.000000
-14.039148,1100.200000
-11.565628,2387.200000
-9.093210,4902.400000
-6.621892,5686.400000
-4.151674,8986.600000
-1.682556,10963.000000
0.785463,5911.600000
3.252384,1590.400000
5.718208,977.000000
8.182935,953.800000
10.646566,950.000000
13.109101,977.600000
15.570541,1004.400000
18.030887,959.600000
20.490139,1017.400000
22.948298,1035.400000
25.405365,1084.600000
27.861340,1119.600000
30.316225,1156.200000
32.770018,1158.600000
35.222723,1201.600000
37.674337,1258.800000
40.124864,1303.400000
42.574303,1391.000000
45.022654,1419.400000
47.469919,1495.000000
49.916098,1594.600000
52.361192,1686.800000
54.805201,1800.400000
57.248126,1924.600000
59.689968,2074.200000
62.130727,2284.200000
64.570405,2557.800000
67.009000,2918.400000
69.446515,3325.600000
71.882950,3932.000000
74.318305,4844.400000
76.752581,6248.600000
79.185780,8485.200000
81.617900,12242.200000
84.048944,18873.000000
86.478911,30145.000000
88.907802,50701.000000
91.335619,64382.800000
93.762361,64373.000000
96.188029,64382.200000
98.612624,64365.000000
101.036146,64368.400000
103.458596,64364.200000
105.879976,64375.600000
108.300284,64372.400000
110.719522,64365.800000
113.137692,64347.200000
115.554792,64365.600000
117.970824,64373.800000
120.385788,64356.800000
122.799686,64372.600000
125.212518,64355.800000
127.624283,64358.600000
130.034984,64361.400000
132.444620,64373.200000
134.853193,64369.400000
137.260702,64365.600000
139.667149,64350.800000
142.072534,64366.400000
144.476857,64371.200000
146.880120,64370.600000
149.282323,64357.000000
151.683467,64366.400000
154.083551,64370.400000
156.482578,64357.000000
158.880547,64363.600000
161.277459,64382.000000
163.673314,64373.800000
166.068114,64368.400000
168.461859,64374.000000
170.854549,64386.000000
173.246185,64367.400000
175.636768,64372.600000
178.026299,64362.000000
180.414777,64375.400000
182.802204,64368.800000
185.188580,64382.200000
187.573906,64389.000000
189.958183,64366.200000
192.341410,64378.400000
194.723589,63379.800000
197.104721,60210.000000
199.484805,57738.400000
201.863842,55082.400000
204.241834,52903.800000
206.618781,50989.000000
208.994682,49106.400000
211.369540,47320.400000
213.743354,45852.600000
216.116125,44638.200000
218.487854,43471.600000
220.858542,42496.200000
223.228188,41582.400000
225.596794,40807.800000
227.964359,40123.400000
230.330886,39216.400000
232.696374,38563.000000
235.060824,37630.400000
237.424237,36802.000000
239.786612,36240.400000
242.147952,35592.600000
244.508256,35076.000000
246.867524,34584.800000
249.225759,34208.600000
251.582959,33744.000000
253.939126,33429.200000
256.294261,32910.400000
258.648364,32553.800000
261.001435,32386.400000
263.353475,32067.000000
265.704485,31698.000000
268.054465,31416.800000
270.403417,30993.000000
272.751339,30940.800000
275.098234,30763.800000
277.444102,30491.200000
279.788943,30455.200000
282.132758,30594.800000
284.475547,30480.400000
286.817312,30690.000000
289.158052,30650.400000
291.497769,30592.600000
293.836462,30435.600000
296.174133,30218.400000
298.510782,30029.800000
300.846409,29757.400000
303.181016,29517.800000
305.514603,29335.400000
307.847170,29258.000000
310.178718,29308.800000
312.509247,29313.200000
314.838759,29261.200000
317.167253,29162.800000
319.494731,29167.000000
321.821193,28860.800000
324.146639,28800.800000
326.471071,28770.600000
328.794488,28596.600000
331.116891,28641.600000
333.438281,28696.000000
335.758659,28595.000000
338.078024,28557.800000
340.396379,28789.400000
342.713722,28931.200000
345.030055,29258.600000
347.345379,29650.800000
349.659693,30021.600000
351.972999,30302.800000
354.285297,30105.200000
356.596588,29754.200000
358.906872,29266.000000
361.216149,28993.400000
363.524421,28830.000000
365.831689,28704.400000
368.137951,28795.000000
370.443210,28914.800000
372.747465,29136.400000
375.050718,29337.600000
377.352969,29544.400000
379.654218,29631.600000
381.954466,29617.800000
384.253713,29425.800000
386.551961,29109.600000
388.849209,28944.600000
391.145459,28742.400000
393.440710,28654.200000
395.734964,28628.400000
398.028221,28739.000000
400.320482,28791.400000
402.611746,28972.800000
404.902016,29159.600000
407.191290,29252.200000
409.479571,29267.200000
411.766858,29346.400000
414.053152,29264.800000
416.338453,28932.400000
418.622763,28753.800000
420.906081,28666.600000
423.188408,28717.400000
425.469746,28778.800000
427.750093,28706.600000
430.029452,28430.200000
432.307822,28253.600000
434.585204,28105.000000
436.861599,28019.200000
439.137007,28005.000000
441.411429,27908.600000
443.684865,27931.600000
445.957316,27848.800000
448.228782,27934.800000
450.499264,27924.000000
452.768763,28066.800000
455.037279,28139.600000
457.304813,28243.600000
459.571365,28390.400000
461.836936,28408.600000
464.101526,28433.800000
466.365136,28399.600000
468.627767,28421.400000
470.889418,28394.200000
473.150091,28310.200000
475.409787,28378.600000
477.668505,28404.400000
479.926246,28408.200000
482.183011,28572.200000
484.438800,28778.600000
486.693614,29142.200000
488.947454,29177.600000
491.200320,29182.600000
493.452212,29115.800000
495.703132,29121.400000
497.953079,29122.600000
500.202054,29233.800000
502.450058,29520.600000
504.697091,29683.000000
506.943155,29499.600000
509.188248,29086.800000
511.432373,28692.200000
513.675529,28564.000000
515.917718,28657.800000
518.158939,28588.400000
520.399193,28391.400000
522.638480,28438.800000
524.876802,28524.600000
527.114159,28839.800000
529.350551,29305.800000
531.585979,29972.200000
533.820444,30955.000000
536.053945,31817.000000
538.286484,31992.600000
540.518061,31560.600000
542.748677,30911.800000
544.978332,30385.200000
547.207026,30413.400000
549.434761,30847.200000
551.661537,31271.800000
553.887354,31293.800000
556.112212,31202.400000
558.336113,30969.200000
560.559058,30861.600000
562.781045,30868.000000
565.002077,30686.800000
567.222153,30207.400000
569.441274,30307.800000
571.659441,30696.000000
573.876654,31258.400000
576.092914,31340.200000
578.308221,30835.200000
580.522575,30230.400000
582.735978,29630.600000
584.948430,29368.000000
587.159932,29138.800000
589.370483,28946.400000
591.580084,28715.800000
593.788737,28545.000000
595.996441,28312.400000
598.203197,28244.200000
600.409006,28093.400000
602.613868,27931.200000
604.817784,27969.400000
607.020753,27985.600000
609.222778,27957.800000
611.423857,28035.800000
613.623993,28041.600000
615.823185,28074.200000
618.021433,27992.200000
620.218739,28133.400000
622.415103,28009.800000
624.610525,27883.800000
626.805006,27807.800000
628.998547,27873.000000
631.191148,27982.200000
633.382809,28139.600000
635.573531,28810.200000
637.763315,29814.400000
639.952160,30815.600000
642.140069,31504.800000
644.327041,31420.800000
646.513076,30890.600000
648.698175,30431.200000
650.882339,30005.600000
653.065569,29424.600000
655.247864,29021.400000
657.429225,28764.200000
659.609654,28523.200000
661.789149,28555.800000
663.967713,28673.200000
666.145344,28819.600000
668.322045,28995.600000
670.497815,29004.800000
672.672655,28776.200000
674.846565,28689.800000
677.019547,28584.400000
679.191600,28291.000000
681.362724,28422.400000
683.532922,28409.800000
685.702192,28546.000000
687.870536,28527.200000
690.037954,28595.400000
692.204446,28657.000000
694.370014,28829.400000
696.534657,28878.600000
698.698377,29118.600000
700.861173,29187.200000
703.023046,29209.200000
705.183997,29436.600000
707.344025,29722.800000
709.503133,30154.600000
711.661320,30576.400000
713.818586,31149.600000
715.974933,31540.000000
718.130361,31716.000000
720.284869,31766.200000
722.438460,31874.800000
724.591132,31853.600000
726.742888,32427.200000
728.893727,33217.400000
731.043649,34174.800000
733.192656,35404.200000
735.340748,35685.400000
737.487925,35194.800000
739.634187,34504.800000
741.779536,33549.200000
743.923972,32641.600000
746.067495,32480.000000
748.210106,32172.200000
750.351806,31981.600000
752.492594,31624.800000
754.632472,31366.800000
756.771439,31048.400000
758.909497,30835.200000
761.046646,30798.800000
763.182886,30844.400000
765.318217,30938.800000
767.452642,30661.800000
769.586159,30627.400000
771.718769,30561.400000
773.850474,30676.800000
775.981272,30768.600000
778.111166,30734.800000
780.240155,30953.400000
782.368240,31158.600000
784.495421,31424.600000
786.621699,31488.200000
788.747075,31420.800000
790.871548,31112.600000
792.995119,30958.200000
795.117790,30765.000000
797.239560,30772.000000
799.360430,30675.000000
801.480400,30675.800000
803.599471,30708.200000
805.717643,30753.000000
807.834917,30880.400000
809.951293,30867.000000
812.066773,30901.000000
814.181355,31081.400000
816.295041,31005.200000
818.407832,31059.200000
820.519727,31278.200000
822.630728,31504.000000
824.740835,31850.800000
826.850047,32436.200000
828.958367,32765.600000
831.065794,33646.200000
833.172328,34592.400000
835.277971,35424.000000
837.382722,35751.200000
839.486583,34972.000000
841.589553,34022.400000
843.691634,33766.000000
845.792825,33369.800000
847.893127,33015.800000
849.992541,32263.600000
852.091067,31830.200000
854.188706,31824.000000
856.285458,31668.000000
858.381324,31702.000000
860.476303,31520.200000
862.570397,31415.200000
864.663606,31187.800000
866.755931,31125.600000
868.847372,31147.000000
870.937929,31113.000000
873.027603,30979.200000
875.116395,30973.400000
877.204304,30987.000000
879.291332,30803.600000
881.377479,30881.600000
883.462746,30802.000000
885.547132,30921.000000
887.630638,31151.600000
889.713266,31196.800000
891.795014,31070.400000
893.875885,31021.800000
895.955878,30813.600000
898.034993,30734.600000
900.113232,30687.400000
902.190595,30643.000000
904.267081,30605.400000
906.342693,30564.800000
908.417429,30560.200000
910.491291,30635.000000
912.564279,30798.000000
914.636394,31059.200000
916.707636,31259.600000
918.778005,31553.800000
920.847503,32072.000000
922.916128,32377.800000
924.983883,32485.400000
927.050767,32219.400000
929.116781,31630.400000
931.181926,31227.200000
933.246201,30825.800000
935.309608,30583.400000
937.372146,30361.600000
939.433817,30355.600000
941.494620,30073.400000
943.554557,30065.000000
945.613627,30194.400000
947.671831,30108.800000
949.729170,30014.800000
951.785645,30048.600000
953.841254,29933.000000
955.896000,29823.200000
957.949882,29825.800000
960.002901,29780.000000
962.055058,29724.200000
964.106352,29766.800000
966.156785,29660.000000
968.206357,29732.000000
970.255067,29532.400000
972.302918,29691.000000
974.349909,29950.800000
976.396041,30162.600000
978.441313,30284.200000
980.485728,30375.400000
982.529284,30525.400000
984.571983,30223.800000
986.613825,30012.800000
988.654811,29773.200000
990.694940,29893.000000
992.734214,29870.000000
994.772633,29966.600000
996.810197,30216.800000
998.846907,30515.600000
1000.882763,30693.600000
1002.917765,30448.600000
1004.951915,30127.400000
1006.985213,30165.200000
1009.017659,29896.400000
1011.049253,30078.600000
1013.079996,30075.400000
1015.109889,30231.200000
1017.138932,30158.800000
1019.167125,30169.400000
1021.194469,30127.200000
1023.220964,30356.200000
1025.246611,30433.400000
1027.271410,30450.200000
1029.295362,30588.000000
1031.318467,30541.000000
1033.340725,30507.400000
1035.362138,30657.000000
1037.382705,30745.000000
1039.402427,30639.200000
1041.421305,30618.800000
1043.439338,30557.000000
1045.456527,30695.600000
1047.472874,30693.000000
1049.488378,30596.600000
1051.503039,30549.200000
1053.516858,30398.600000
1055.529836,30456.000000
1057.541973,30412.800000
1059.553270,30627.800000
1061.563726,30491.000000
1063.573343,30570.600000
1065.582121,30694.000000
1067.590060,30691.600000
1069.597161,30661.200000
1071.603424,30835.000000
1073.608849,30840.600000
1075.613438,30796.600000
1077.617190,30878.800000
1079.620106,31162.400000
1081.622187,30960.200000
1083.623432,30909.400000
1085.623843,30926.400000
1087.623419,31059.200000
1089.622162,31220.400000
1091.620072,31230.800000
1093.617148,31323.400000
1095.613392,31205.000000
1097.608804,31248.000000
1099.603385,31282.000000
1101.597134,31379.400000
1103.590053,31391.600000
1105.582142,31127.800000
1107.573400,31184.400000
1109.563830,31060.000000
1111.553430,31076.000000
1113.542203,31199.600000
1115.530147,31103.600000
1117.517263,31333.000000
1119.503553,31394.000000
1121.489015,31712.800000
1123.473652,32114.800000
1125.457462,32572.600000
1127.440448,32720.200000
1129.422608,32494.200000
1131.403944,32106.400000
1133.384456,31695.800000
1135.364144,31552.600000
1137.343009,31407.400000
1139.321052,31120.800000
1141.298272,30903.400000
1143.274670,30718.600000
1145.250247,30546.000000
1147.225003,30417.600000
1149.198938,30465.200000
1151.172054,30471.800000
1153.144349,30335.200000
1155.115826,30226.000000
1157.086483,30312.200000
1159.056322,30210.600000
1161.025344,30301.400000
1162.993547,30088.600000
1164.960934,30193.400000
1166.927504,30166.400000
1168.893258,30200.800000
1170.858196,30080.200000
1172.822319,29844.000000
1174.785627,29848.400000
1176.748121,29883.200000
1178.709800,29873.200000
1180.670666,29960.800000
1182.630719,30001.400000
1184.589959,29965.000000
1186.548387,29977.800000
1188.506003,29874.400000
1190.462807,30100.600000
1192.418801,30124.800000
1194.373984,30166.200000
1196.328356,30155.200000
1198.281919,30117.800000
1200.234673,30138.400000
1202.186618,29998.000000
1204.137754,30020.000000
1206.088083,29813.800000
1208.037603,29845.600000
1209.986317,29718.600000
1211.934224,29731.800000
1213.881325,29606.600000
1215.827620,29637.600000
1217.773109,29603.800000
1219.717793,29551.800000
1221.661673,29521.000000
1223.604748,29511.600000
1225.547020,29536.800000
1227.488489,29340.600000
1229.429154,29449.800000
1231.369017,29263.200000
1233.308078,29464.800000
1235.246338,29526.200000
1237.183796,29556.200000
1239.120454,29581.000000
1241.056311,29567.000000
1242.991368,29651.800000
1244.925625,29623.800000
1246.859084,29836.000000
1248.791744,30067.400000
1250.723605,30249.600000
1252.654669,30371.200000
1254.584936,30538.200000
1256.514405,30225.200000
1258.443078,30121.800000
1260.370954,29970.200000
1262.298035,29908.200000
1264.224321,29902.600000
1266.149811,29862.800000
1268.074508,29988.400000
1269.998410,29912.000000
1271.921518,29995.400000
1273.843833,30100.400000
1275.765356,30117.800000
1277.686086,30112.600000
1279.606024,30403.600000
1281.525170,30452.400000
1283.443526,30405.400000
1285.361090,30681.200000
1287.277864,30825.800000
1289.193849,30927.000000
1291.109044,31393.400000
1293.023449,31584.400000
1294.937066,32012.400000
1296.849895,32220.600000
1298.761936,32093.000000
1300.673190,32249.000000
1302.583656,32300.600000
1304.493336,32293.600000
1306.402230,32493.400000
1308.310338,32212.800000
1310.217661,32071.600000
1312.124198,31946.400000
1314.029952,31299.400000
1315.934921,31184.000000
1317.839106,30748.000000
1319.742508,30856.400000
1321.645127,30743.200000
1323.546963,30746.600000
1325.448018,30927.400000
1327.348290,30918.000000
1329.247782,31191.400000
1331.146493,31549.200000
1333.044423,32073.000000
1334.941573,32217.600000
1336.837943,32528.200000
1338.733535,32612.200000
1340.628347,32681.000000
1342.522381,32347.000000
1344.415637,32092.600000
1346.308115,31844.200000
1348.199816,31403.800000
1350.090741,31149.600000
1351.980889,31133.000000
1353.870261,30627.600000
1355.758857,30460.000000
1357.646678,30250.000000
1359.533724,30158.000000
1361.419996,30176.400000
1363.305494,29969.000000
1365.190219,30109.200000
1367.074170,30191.200000
1368.957349,30290.000000
1370.839755,30223.800000
1372.721389,30234.200000
1374.602252,30398.600000
1376.482343,30492.600000
1378.361664,30549.200000
1380.240214,30524.400000
1382.117995,30514.400000
1383.995005,30516.800000
1385.871247,30510.200000
1387.746720,30406.000000
1389.621424,30397.400000
1391.495361,30523.800000
1393.368530,30535.400000
1395.240932,30495.800000
1397.112567,30705.400000
1398.983435,30951.000000
1400.853538,31238.600000
1402.722875,31668.600000
1404.591447,32296.200000
1406.459254,32785.400000
1408.326297,33093.800000
1410.192576,33240.400000
1412.058091,33141.200000
1413.922843,32981.800000
1415.786832,32619.200000
1417.650059,32541.800000
1419.512523,32130.800000
1421.374226,31907.600000
1423.235168,31957.600000
1425.095349,32365.200000
1426.954770,33054.600000
1428.813430,34015.200000
1430.671331,35177.400000
1432.528472,36085.800000
1434.384855,36535.800000
1436.240479,36419.800000
1438.095345,36181.200000
1439.949454,35704.000000
1441.802805,35082.400000
1443.655399,34560.400000
1445.507237,34249.200000
1447.358318,34141.800000
1449.208644,34120.800000
1451.058214,34101.000000
1452.907030,33950.400000
1454.755090,33667.600000
1456.602397,33466.200000
1458.448950,32906.600000
1460.294749,32627.600000
1462.139796,32086.200000
1463.984089,31602.200000
1465.827631,31068.200000
1467.670420,30476.000000
1469.512458,29932.600000
1471.353745,29538.000000
1473.194282,29087.800000
1475.034068,28907.200000
1476.873104,28698.200000
1478.711390,28565.400000
1480.548928,28267.400000
1482.385716,28271.200000
1484.221756,28215.000000
1486.057049,28317.000000
1487.891593,28523.400000
1489.725390,28540.800000
1491.558441,28500.000000
1493.390745,28484.200000
1495.222302,28503.400000
1497.053115,28499.800000
1498.883181,28589.600000
1500.712503,28568.000000
1502.541080,28419.800000
1504.368914,28330.400000
1506.196003,28486.600000
1508.022349,28671.000000
1509.847952,28510.000000
1511.672812,28493.600000
1513.496930,28460.200000
1515.320306,28305.800000
1517.142940,27955.000000
1518.964833,27711.800000
1520.785986,27513.200000
1522.606398,27038.800000
1524.426070,26941.800000
1526.245003,26685.000000
1528.063196,26514.200000
1529.880650,26362.000000
1531.697366,26207.800000
1533.513344,26093.000000
1535.328584,25989.800000
1537.143087,25984.000000
1538.956852,25910.600000
1540.769882,25731.600000
1542.582174,25651.800000
1544.393731,25545.800000
1546.204553,25663.200000
1548.014639,25520.600000
1549.823991,25487.400000
1551.632608,25421.800000
1553.440492,25409.800000
1555.247641,25291.200000
1557.054058,25356.400000
1558.859741,25331.000000
1560.664693,25267.400000
1562.468912,25233.200000
1564.272399,25309.600000
1566.075155,25407.200000
1567.877180,25322.000000
1569.678474,25378.400000
1571.479038,25382.600000
1573.278872,25356.800000
1575.077977,25471.800000
1576.876352,25508.600000
1578.673999,25599.200000
1580.470917,25605.200000
1582.267107,25535.600000
1584.062570,25710.400000
1585.857305,25653.400000
1587.651313,25694.000000
1589.444595,25647.000000
1591.237151,25767.200000
1593.028981,25768.200000
1594.820085,25734.800000
1596.610464,25636.000000
1598.400119,25767.000000
1600.189049,25760.000000
1601.977255,25718.200000
1603.764738,25551.800000
1605.551497,25610.200000
1607.337534,25427.200000
1609.122848,25349.400000
1610.907440,25351.200000
1612.691310,25404.600000
1614.474458,25383.200000
1616.256886,25544.800000
1618.038593,25474.200000
1619.819579,25583.800000
1621.599846,25556.400000
1623.379393,25708.200000
1625.158221,25638.600000
1626.936330,25583.400000
1628.713720,25671.200000
1630.490393,25671.200000
1632.266347,25659.800000
1634.041584,25620.200000
1635.816104,25382.200000
1637.589908,25240.200000
1639.362995,25125.800000
1641.135366,25077.600000
1642.907021,24884.000000
1644.677961,24720.800000
1646.448187,24717.000000
1648.217698,24575.000000
1649.986494,24432.600000
1651.754577,24343.000000
1653.521947,24413.200000
1655.288603,24316.200000
1657.054547,24284.800000
1658.819778,24035.600000
1660.584297,24121.200000
1662.348105,23955.200000
1664.111201,23847.200000
1665.873586,23789.400000
1667.635261,23848.400000
1669.396226,23738.000000
1671.156480,23709.600000
1672.916026,23683.800000
1674.674862,23793.400000
1676.432989,23836.000000
1678.190408,23663.200000
1679.947118,23579.200000
1681.703122,23572.400000
1683.458417,23508.400000
1685.213006,23477.000000
1686.966888,23446.000000
1688.720064,23430.200000
1690.472533,23616.800000
1692.224298,23431.200000
1693.975357,23446.800000
1695.725711,23501.600000
1697.475360,23463.000000
1699.224305,23359.800000
1700.972547,23313.400000
1702.720085,23252.200000
1704.466920,23207.800000
1706.213052,23235.200000
1707.958482,23033.800000
1709.703210,23075.800000
1711.447236,23068.200000
1713.190560,23149.200000
1714.933184,23144.800000
1716.675107,23045.800000
1718.416329,22992.000000
1720.156852,23121.200000
1721.896675,23096.400000
1723.635799,23194.600000
1725.374224,23074.000000
1727.111950,22992.200000
1728.848979,22950.200000
1730.585309,22898.000000
1732.320942,22949.800000
1734.055877,22812.600000
1735.790116,22820.000000
1737.523658,22910.600000
1739.256505,22911.400000
1740.988655,22828.000000
1742.720110,22731.800000
1744.450870,22686.600000
1746.180935,22681.800000
1747.910306,22749.800000
1749.638983,22699.600000
1751.366966,22559.400000
1753.094255,22443.400000
1754.820852,22530.400000
1756.546756,22496.200000
1758.271968,22448.600000
1759.996488,22437.400000
1761.720316,22390.200000
1763.443453,22184.400000
1765.165899,22189.600000
1766.887654,22012.600000
1768.608719,22031.000000
1770.329094,21985.800000
1772.048780,21840.800000
1773.767776,21880.600000
1775.486084,21754.200000
1777.203703,21681.800000
1778.920634,21736.200000
1780.636877,21754.800000
1782.352432,21655.000000
1784.067301,21537.000000
1785.781482,21518.000000
1787.494977,21551.600000
1789.207786,21547.800000
1790.919909,21498.200000
1792.631346,21465.200000
1794.342099,21397.000000
1796.052166,21402.200000
1797.761550,21370.800000
1799.470249,21368.800000
1801.178264,21347.400000
1802.885596,21370.400000
1804.592245,21215.400000
1806.298211,21211.400000
1808.003495,21165.800000
1809.708096,21154.600000
1811.412016,21233.200000
1813.115254,21155.200000
1814.817812,21160.800000
1816.519688,21083.400000
1818.220885,21061.200000
1819.921401,21082.200000
1821.621237,21019.600000
1823.320394,20853.200000
1825.018872,20937.800000
1826.716672,20925.000000
1828.413793,20795.000000
1830.110236,20767.400000
1831.806001,20837.600000
1833.501089,20803.800000
1835.195500,20874.200000
1836.889234,20886.800000
1838.582291,20761.000000
1840.274673,20685.000000
1841.966379,20696.400000
1843.657410,20629.800000
1845.347765,20649.600000
1847.037446,20537.000000
1848.726453,20523.200000
1850.414785,20474.200000
1852.102444,20409.200000
1853.789429,20276.800000
1855.475742,20302.200000
1857.161381,20212.000000
1858.846349,20098.200000
1860.530644,20039.600000
1862.214267,19955.000000
1863.897220,19764.200000
1865.579501,19712.800000
1867.261111,19685.400000
1868.942051,19623.400000
1870.622321,19559.600000
1872.301921,19563.800000
1873.980851,19435.600000
1875.659113,19423.400000
1877.336706,19381.000000
1879.013630,19286.000000
1880.689887,19260.400000
1882.365475,19112.400000
1884.040396,19160.400000
1885.714650,19170.800000
1887.388238,19230.600000
1889.061158,19073.800000
1890.733413,19121.800000
1892.405002,19126.000000
1894.075925,19095.400000
1895.746183,19104.200000
1897.415777,18982.000000
1899.084706,19038.400000
1900.752970,19023.600000
1902.420571,18982.600000
1904.087508,18913.800000
1905.753783,18880.600000
1907.419394,18886.000000
1909.084342,18767.000000
1910.748629,18778.000000
1912.412253,18786.400000
1914.075216,18645.200000
1915.737518,18582.800000
1917.399159,18604.400000
1919.060139,18542.600000
1920.720459,18704.400000
1922.380119,18461.200000
1924.039119,18589.600000
1925.697460,18576.400000
1927.355142,18484.000000
1929.012165,18500.000000
1930.668530,18463.600000
1932.324237,18409.000000
1933.979286,18366.600000
1935.633677,18313.600000
1937.287412,18380.800000
1938.940490,18375.800000
1940.592911,18155.800000
1942.244677,18324.200000
1943.895786,18274.200000
1945.546240,18315.400000
1947.196039,18203.800000
1948.845183,18188.200000
1950.493673,18125.800000
1952.141508,18083.200000
1953.788690,18152.200000
1955.435218,18195.600000
1957.081092,18015.000000
1958.726314,18007.400000
1960.370883,18058.600000
1962.014800,18043.200000
1963.658065,17993.000000
1965.300678,18003.000000
1966.942640,17957.600000
1968.583951,17848.800000
1970.224611,17859.200000
1971.864620,17766.600000
1973.503980,17670.600000
1975.142690,17673.600000
1976.780750,17693.600000
1978.418162,17654.200000
1980.054924,17617.800000
1981.691038,17581.000000
1983.326504,17540.400000
1984.961322,17634.000000
1986.595492,17501.200000
1988.229015,17510.600000
1989.861891,17502.000000
1991.494121,17508.400000
1993.125704,17539.600000
1994.756641,17408.200000
1996.386933,17452.400000
1998.016579,17486.800000
1999.645580,17576.600000
2001.273936,17527.400000
2002.901648,17449.400000
2004.528716,17347.800000
2006.155140,17393.800000
2007.780921,17404.600000
2009.406058,17409.800000
2011.030552,17282.200000
2012.654404,17301.400000
2014.277614,17264.200000
2015.900182,17222.200000
2017.522108,17223.400000
2019.143392,17170.600000
2020.764036,17242.800000
2022.384039,17250.200000
2024.003402,17176.000000
2025.622124,17175.200000
2027.240207,17136.400000
2028.857650,17111.200000
2030.474454,17101.600000
2032.090619,17026.600000
2033.706146,16978.200000
2035.321035,17065.000000
2036.935285,16995.000000
2038.548898,16952.200000
2040.161874,16904.200000
2041.774212,16876.200000
2043.385914,16859.000000
2044.996979,16794.200000
2046.607409,16787.200000
2048.217202,16808.000000
2049.826360,16812.000000
2051.434883,16775.000000
2053.042771,16673.400000
2054.650025,16473.800000
2056.256644,16533.200000
2057.862629,16530.800000
2059.467981,16468.800000
2061.072699,16465.600000
2062.676784,16336.600000
2064.280237,16382.600000
2065.883057,16309.200000
2067.485245,16317.000000
2069.086801,16267.000000
2070.687725,16315.600000
2072.288019,16183.400000
2073.887681,16129.000000
2075.486713,16089.400000
2077.085114,16037.400000
2078.682886,16155.200000
2080.280027,16184.800000
2081.876540,16077.400000
2083.472423,16052.000000
2085.067677,16000.200000
2086.662303,15958.600000
2088.256301,15974.200000
2089.849671,15905.400000
2091.442413,15918.200000
2093.034528,15882.000000
2094.626016,15843.200000
2096.216877,15770.600000
2097.807112,15782.200000
2099.396720,15790.200000
2100.985703,15753.800000
2102.574060,15745.200000
2104.161793,15767.400000
2105.748900,15666.200000
2107.335382,15580.000000
2108.921241,15596.000000
2110.506475,15542.000000
2112.091086,15526.400000
2113.675073,15519.200000
2115.258437,15371.400000
2116.841178,15381.000000
2118.423297,15338.600000
2120.004793,15335.400000
2121.585668,15328.200000
2123.165920,15210.600000
2124.745552,15208.000000
2126.324562,15191.800000
2127.902952,15109.800000
2129.480721,15160.600000
2131.057870,15119.600000
2132.634400,14950.200000
2134.210309,14883.400000
2135.785600,14938.200000
2137.360271,14760.200000
2138.934324,14800.400000
2140.507758,14841.000000
2142.080574,14804.800000
2143.652773,14810.600000
2145.224354,14759.200000
2146.795317,14719.400000
2148.365664,14551.000000
2149.935394,14546.200000
2151.504508,14537.400000
2153.073006,14505.400000
2154.640888,14479.400000
2156.208154,14473.600000
2157.774805,14410.200000
2159.340842,14361.800000
2160.906264,14339.800000
2162.471071,14356.600000
2164.035265,14296.800000
2165.598845,14238.000000
2167.161811,14199.600000
2168.724165,14119.200000
2170.285905,14183.600000
2171.847033,14077.000000
2173.407549,14105.400000
2174.967452,14028.800000
2176.526744,14031.600000
2178.085425,13937.800000
2179.643494,13891.000000
2181.200953,13934.600000
2182.757801,13864.400000
2184.314039,13749.000000
2185.869667,13813.600000
2187.424685,13737.200000
2188.979094,13754.000000
2190.532894,13629.200000
2192.086085,13599.000000
2193.638668,13488.000000
2195.190642,13524.200000
2196.742009,13497.600000
2198.292767,13425.000000
2199.842919,13404.800000
2201.392463,13473.200000
2202.941400,13424.600000
2204.489731,13448.800000
2206.037456,13382.000000
2207.584575,13380.600000
2209.131088,13366.800000
2210.676996,13264.600000
2212.222299,13270.400000
2213.766997,13250.000000
2215.311090,13308.600000
2216.854580,13259.800000
2218.397465,13240.600000
2219.939747,13142.600000
2221.481425,13029.600000
2223.022500,13129.200000
2224.562973,13107.400000
2226.102843,13060.000000
2227.642110,13032.800000
2229.180776,12985.600000
2230.718840,13010.200000
2232.256303,12967.000000
2233.793164,12930.200000
2235.329425,12896.400000
2236.865085,12946.600000
2238.400145,12904.000000
2239.934605,12894.000000
2241.468466,12846.400000
2243.001726,12866.200000
2244.534388,12747.600000
2246.066451,12827.200000
2247.597915,12813.200000
2249.128781,12768.000000
2250.659049,12704.000000
2252.188720,12726.800000
2253.717793,12668.000000
2255.246268,12673.800000
2256.774147,12652.200000
2258.301429,12598.000000
2259.828115,12560.200000
2261.354205,12464.000000
2262.879699,12610.600000
2264.404598,12547.800000
2265.928901,12535.600000
2267.452609,12447.000000
2268.975723,12438.600000
2270.498242,12406.600000
2272.020168,12379.000000
2273.541499,12372.400000
2275.062237,12338.400000
2276.582382,12303.600000
2278.101933,12178.600000
2279.620892,12188.200000
2281.139259,12126.800000
2282.657033,12121.000000
2284.174216,12101.200000
2285.690806,12029.600000
2287.206806,11976.800000
2288.722214,11883.600000
2290.237032,11826.400000
2291.751259,11677.600000
2293.264896,11549.400000
2294.777943,11450.200000
2296.290400,11416.000000
2297.802268,11287.000000
2299.313547,11210.600000
2300.824237,11096.800000
2302.334338,11073.800000
2303.843851,11024.400000
2305.352776,10918.800000
2306.861113,10870.600000
2308.368863,10770.200000
2309.876026,10678.600000
2311.382601,10782.000000
2312.888590,10676.200000
2314.393992,10717.800000
2315.898809,10728.200000
2317.403039,10710.800000
2318.906684,10716.800000
2320.409744,10824.400000
2321.912218,10792.800000
2323.414108,10897.400000
2324.915414,10952.600000
2326.416135,10964.200000
2327.916272,11046.000000
2329.415825,11126.400000
2330.914795,11189.800000
2332.413182,11155.200000
2333.910986,11186.000000
2335.408208,11247.600000
2336.904847,11271.000000
2338.400904,11307.000000
2339.896379,11385.800000
2341.391273,11370.200000
2342.885586,11386.000000
2344.379317,11406.600000
2345.872468,11343.800000
2347.365038,11371.000000
2348.857029,11353.000000
2350.348439,11424.000000
2351.839270,11398.600000
2353.329521,11387.800000
2354.819193,11365.600000
2356.308286,11372.800000
2357.796801,11363.400000
2359.284738,11361.200000
2360.772096,11224.800000
2362.258877,11351.000000
2363.745080,11255.600000
2365.230706,11277.800000
2366.715755,11256.200000
2368.200227,11216.800000
2369.684123,11109.600000
2371.167443,11164.400000
2372.650187,11132.200000
2374.132355,11072.000000
2375.613948,11072.000000
2377.094965,11086.600000
2378.575408,11075.200000
2380.055276,11049.200000
2381.534570,10968.200000
2383.013290,10976.800000
2384.491436,10921.200000
2385.969009,10856.200000
2387.446008,10851.400000
2388.922435,10872.800000
2390.398288,10835.600000
2391.873569,10787.400000
2393.348278,10741.400000
2394.822415,10779.200000
2396.295981,10725.600000
2397.768975,10681.800000
2399.241397,10628.200000
2400.713249,10572.800000
2402.184531,10540.200000
2403.655242,10580.000000
2405.125382,10549.200000
2406.594953,10490.000000
2408.063955,10469.600000
2409.532387,10467.800000
2411.000250,10302.400000
2412.467544,10337.600000
2413.934270,10304.800000
2415.400427,10299.800000
2416.866017,10267.800000
2418.331038,10289.400000
2419.795492,10265.400000
2421.259379,10203.200000
2422.722699,10147.200000
2424.185452,10142.600000
2425.647639,10046.400000
2427.109260,10097.000000
2428.570315,10080.600000
2430.030804,10021.000000
2431.490727,10033.800000
2432.950086,10040.200000
2434.408879,9990.000000
2435.867108,9883.200000
2437.324772,9879.200000
2438.781873,9873.800000
2440.238409,9844.400000
2441.694382,9884.200000
2443.149792,9832.200000
2444.604638,9830.600000
2446.058922,9771.800000
2447.512643,9780.200000
2448.965802,9704.400000
2450.418398,9681.200000
2451.870433,9629.800000
2453.321906,9623.000000
2454.772818,9625.200000
2456.223169,9606.600000
2457.672959,9552.400000
2459.122189,9555.600000
2460.570858,9575.800000
2462.018967,9537.200000
2463.466517,9453.400000
2464.913507,9425.200000
2466.359938,9377.800000
2467.805810,9366.000000
2469.251123,9361.000000
2470.695877,9387.400000
2472.140073,9313.800000
2473.583712,9275.400000
2475.026792,9223.800000
2476.469315,9169.000000
2477.911281,9182.400000
2479.352690,9166.200000
2480.793542,9165.600000
2482.233838,9113.800000
2483.673578,9069.400000
2485.112761,9074.800000
2486.551389,9096.800000
2487.989461,8988.600000
2489.426978,9004.000000
2490.863941,8986.800000
2492.300348,8953.000000
2493.736201,8968.200000
2495.171500,8904.200000
2496.606245,8885.200000
2498.040436,8848.200000
2499.474074,8852.000000
2500.907159,8798.000000
2502.339690,8746.600000
2503.771669,8679.400000
2505.203096,8692.400000
2506.633970,8706.400000
2508.064293,8668.400000
2509.494063,8587.000000
2510.923283,8576.600000
2512.351951,8545.200000
2513.780068,8515.000000
2515.207634,8526.600000
2516.634650,8492.800000
2518.061116,8441.600000
2519.487032,8415.400000
2520.912398,8419.600000
2522.337215,8371.800000
2523.761482,8387.000000
2525.185201,8239.600000
2526.608370,8214.200000
2528.030992,8282.200000
2529.453065,8200.400000
2530.874590,8176.200000
2532.295568,8152.000000
2533.715998,8121.000000
2535.135880,8116.200000
2536.555216,8097.000000
2537.974005,8050.000000
2539.392248,8100.200000
2540.809944,8065.400000
2542.227094,8048.000000
2543.643699,8011.400000
2545.059758,7987.600000
2546.475272,7976.200000
2547.890241,7957.200000
2549.304665,7935.800000
2550.718544,7884.600000
2552.131880,7873.000000
2553.544671,7841.000000
2554.956918,7853.600000
2556.368622,7794.400000
2557.779783,7759.600000
2559.190400,7751.600000
2560.600475,7766.400000
2562.010007,7689.000000
2563.418997,7732.600000
2564.827445,7727.800000
2566.235351,7615.600000
2567.642715,7587.200000
2569.049538,7601.400000
2570.455820,7620.600000
2571.861561,7574.200000
2573.266762,7528.800000
2574.671422,7464.800000
2576.075542,7500.800000
2577.479122,7478.600000
2578.882162,7492.000000
2580.284663,7410.000000
2581.686625,7431.600000
2583.088048,7408.600000
2584.488932,7402.200000
2585.889278,7367.600000
2587.289086,7299.200000
2588.688355,7296.600000
2590.087087,7278.400000
2591.485281,7277.000000
2592.882938,7224.200000
2594.280059,7190.000000
2595.676642,7168.200000
2597.072689,7120.600000
2598.468199,7095.800000
2599.863174,7095.600000
2601.257613,7002.600000
2602.651516,6922.800000
2604.044884,6973.000000
2605.437717,6932.200000
2606.830014,6854.800000
2608.221778,6816.800000
2609.613007,6787.000000
2611.003702,6737.000000
2612.393862,6687.000000
2613.783490,6601.400000
2615.172584,6601.400000
2616.561144,6520.400000
2617.949172,6410.000000
2619.336667,6395.000000
2620.723630,6316.800000
2622.110060,6297.800000
2623.495958,6180.600000
2624.881325,6156.200000
2626.266160,6100.600000
2627.650464,6048.400000
2629.034236,6046.600000
2630.417478,5938.400000
2631.800190,5981.000000
2633.182371,5856.000000
2634.564022,5854.000000
2635.945143,5854.800000
2637.325734,5753.600000
2638.705796,5771.200000
2640.085329,5805.200000
2641.464333,5794.000000
2642.842808,5768.800000
2644.220755,5782.000000
2645.598173,5783.200000
2646.975064,5755.000000
2648.351427,5747.400000
2649.727262,5794.400000
2651.102570,5814.800000
2652.477351,5813.600000
2653.851605,5808.200000
2655.225333,5818.800000
2656.598534,5851.800000
2657.971209,5894.000000
2659.343358,5895.200000
2660.714982,5973.400000
2662.086080,6006.000000
2663.456653,6054.000000
2664.826701,6095.200000
2666.196224,6063.200000
2667.565223,6133.600000
2668.933697,6142.200000
2670.301648,6093.000000
2671.669075,6123.000000
2673.035978,6153.600000
2674.402357,6188.000000
2675.768214,6223.400000
2677.133548,6269.000000
2678.498359,6219.400000
2679.862648,6272.200000
2681.226414,6251.400000
2682.589659,6255.000000
2683.952382,6331.000000
2685.314583,6311.400000
2686.676264,6328.800000
2688.037423,6324.200000
2689.398061,6331.600000
2690.758179,6344.400000
2692.117776,6355.200000
2693.476854,6363.600000
2694.835411,6380.600000
2696.193449,6427.400000
2697.550967,6410.000000
2698.907966,6413.200000
2700.264447,6438.800000
2701.620408,6444.600000
2702.975851,6462.800000
2704.330776,6493.400000
2705.685182,6495.800000
2707.039071,6510.800000
2708.392442,6495.600000
2709.745296,6466.200000
2711.097633,6470.600000
2712.449453,6540.200000
2713.800756,6583.000000
2715.151542,6539.800000
2716.501813,6569.200000
2717.851567,6550.000000
2719.200806,6567.200000
2720.549529,6513.000000
2721.897737,6508.600000
2723.245429,6497.800000
2724.592607,6500.000000
2725.939270,6494.600000
2727.285419,6440.600000
2728.631053,6369.800000
2729.976173,6329.200000
2731.320780,6263.400000
2732.664873,6298.800000
2734.008453,6249.600000
2735.351520,6255.800000
2736.694074,6138.200000
2738.036115,6105.600000
2739.377644,6033.800000
2740.718661,6038.400000
2742.059166,5969.000000
2743.399159,5939.200000
2744.738641,5945.000000
2746.077611,5905.200000
2747.416070,5914.600000
2748.754018,5856.600000
2750.091456,5825.200000
2751.428384,5789.600000
2752.764801,5790.200000
2754.100708,5785.000000
2755.436106,5753.400000
2756.770994,5705.800000
2758.105372,5688.800000
2759.439242,5637.800000
2760.772603,5607.400000
2762.105455,5628.000000
2763.437799,5568.200000
2764.769635,5550.600000
2766.100963,5498.000000
2767.431783,5516.200000
2768.762095,5498.200000
2770.091901,5494.200000
2771.421199,5474.400000
2772.749990,5437.600000
2774.078275,5413.000000
2775.406053,5394.400000
2776.733325,5431.000000
2778.060091,5336.800000
2779.386352,5352.200000
2780.712107,5334.000000
2782.037356,5340.000000
2783.362101,5325.800000
2784.686341,5333.400000
2786.010076,5291.800000
2787.333306,5267.600000
2788.656033,5239.800000
2789.978255,5237.400000
2791.299974,5223.600000
2792.621189,5254.200000
2793.941901,5282.600000
2795.262109,5219.800000
2796.581815,5190.800000
2797.901018,5156.400000
2799.219719,5162.200000
2800.537917,5107.000000
2801.855614,5099.400000
2803.172808,5103.400000
2804.489501,5062.800000
2805.805693,5058.000000
2807.121383,5055.000000
2808.436573,5028.200000
2809.751262,5041.600000
2811.065450,5033.600000
2812.379138,5046.800000
2813.692326,5110.000000
2815.005014,5153.200000
2816.317202,5187.600000
2817.628891,5251.000000
2818.940081,5320.600000
2820.250772,5357.400000
2821.560964,5469.400000
2822.870658,5543.800000
2824.179853,5641.600000
2825.488550,5758.000000
2826.796749,5948.000000
2828.104450,6224.000000
2829.411654,6483.400000
2830.718361,6746.000000
2832.024571,7086.600000
2833.330284,7469.400000
2834.635500,7803.400000
2835.940219,8003.800000
2837.244443,8080.600000
2838.548171,8211.000000
2839.851402,8131.600000
2841.154139,8166.400000
2842.456380,8098.400000
2843.758125,8026.000000
2845.059376,7879.600000
2846.360132,7863.800000
2847.660394,7733.600000
2848.960161,7663.800000
2850.259435,7631.800000
2851.558214,7531.800000
2852.856500,7480.400000
2854.154292,7406.000000
2855.451591,7355.200000
2856.748398,7343.800000
2858.044711,7317.600000
2859.340532,7300.800000
2860.635860,7267.800000
2861.930697,7279.000000
2863.225041,7260.600000
2864.518893,7239.400000
2865.812254,7215.600000
2867.105124,7161.800000
2868.397503,7174.400000
2869.689391,7075.600000
2870.980788,7086.200000
2872.271694,7051.800000
2873.562111,7087.600000
2874.852037,7020.800000
2876.141473,6950.800000
2877.430420,6958.800000
2878.718877,6939.000000
2880.006846,6894.600000
2881.294325,6832.800000
2882.581315,6791.600000
2883.867817,6851.000000
2885.153830,6820.800000
2886.439355,6832.000000
2887.724393,6785.400000
2889.008942,6744.000000
2890.293004,6656.200000
2891.576579,6704.600000
2892.859666,6660.600000
2894.142267,6621.200000
2895.424381,6576.200000
2896.706008,6547.000000
2897.987149,6519.800000
2899.267804,6491.400000
2900.547973,6406.400000
2901.827657,6351.000000
2903.106855,6319.400000
2904.385568,6216.400000
2905.663795,6159.800000
2906.941538,6084.600000
2908.218796,5940.000000
2909.495570,5883.800000
2910.771860,5843.400000
2912.047665,5781.400000
2913.322987,5718.800000
2914.597825,5679.800000
2915.872180,5612.800000
2917.146051,5556.400000
2918.419440,5511.200000
2919.692345,5520.400000
2920.964768,5475.000000
2922.236709,5422.400000
2923.508168,5392.400000
2924.779144,5327.400000
2926.049639,5299.400000
2927.319653,5264.800000
2928.589184,5230.800000
2929.858235,5148.000000
2931.126805,5075.400000
2932.394894,4968.000000
2933.662503,4873.400000
2934.929631,4811.600000
2936.196279,4677.000000
2937.462447,4568.000000
2938.728136,4496.200000
2939.993345,4426.200000
2941.258075,4410.000000
2942.522325,4317.800000
2943.786097,4271.600000
2945.049390,4222.600000
2946.312204,4195.200000
2947.574540,4167.800000
2948.836398,4117.200000
2950.097779,4088.600000
2951.358681,4036.400000
2952.619106,4043.400000
2953.879054,4022.000000
2955.138524,3912.400000
2956.397518,3845.600000
2957.656035,3770.200000
2958.914076,3724.000000
2960.171640,3705.800000
2961.428728,3628.400000
2962.685340,3560.800000
2963.941477,3484.200000
2965.197138,3445.400000
2966.452324,3378.400000
2967.707035,3386.800000
2968.961271,3323.400000
2970.215032,3226.600000
2971.468319,3238.800000
2972.721131,3154.200000
2973.973470,3174.000000
2975.225334,3146.800000
2976.476725,3097.600000
2977.727643,3014.800000
2978.978087,3011.200000
2980.228058,2990.400000
2981.477556,2944.200000
2982.726581,2940.400000
2983.975135,2905.800000
2985.223215,2849.400000
2986.470824,2828.600000
2987.717961,2795.000000
2988.964626,2782.200000
2990.210819,2749.400000
2991.456542,2671.200000
2992.701793,2652.000000
2993.946573,2631.600000
2995.190883,2625.400000
2996.434722,2557.800000
2997.678091,2541.200000
2998.920990,2501.800000
3000.163418,2475.400000
3001.405378,2448.200000
3002.646867,2406.200000
3003.887888,2385.000000
3005.128439,2346.200000
3006.368521,2335.000000
3007.608135,2314.200000
3008.847280,2278.400000
3010.085956,2234.800000
3011.324165,2192.400000
3012.561905,2176.600000
3013.799178,2158.000000
3015.035984,2150.600000
3016.272322,2102.000000
3017.508192,2097.600000
3018.743596,2071.800000
3019.978533,2055.200000
3021.213004,2026.600000
3022.447008,1998.200000
3023.680546,2005.600000
3024.913618,1974.000000
3026.146224,1939.800000
3027.378365,1955.600000
3028.610040,1957.200000
3029.841250,1923.200000
3031.071995,1876.200000
3032.302275,1882.800000
3033.532090,1854.200000
3034.761442,1837.400000
3035.990328,1861.800000
3037.218751,1848.000000
3038.446710,1796.800000
3039.674205,1821.200000
3040.901237,1816.000000
3042.127806,1800.200000
3043.353911,1800.800000
3044.579554,1789.000000
3045.804734,1772.000000
3047.029451,1752.000000
3048.253706,1777.600000
3049.477499,1749.000000
3050.700831,1721.600000
3051.923700,1705.800000
3053.146108,1719.400000
3054.368054,1699.000000
3055.589539,1714.400000
3056.810564,1690.800000
3058.031127,1657.600000
3059.251230,1650.200000
3060.470873,1645.000000
3061.690055,1639.200000
3062.908778,1648.800000
3064.127040,1610.800000
3065.344843,1576.400000
3066.562187,1577.400000
3067.779071,1566.200000
3068.995497,1585.200000
3070.211463,1586.200000
3071.426971,1618.200000
3072.642020,1590.600000
3073.856611,1594.400000
3075.070744,1598.800000
3076.284419,1610.800000
3077.497636,1596.800000
3078.710395,1608.600000
3079.922698,1636.800000
3081.134543,1628.000000
3082.345931,1640.400000
3083.556863,1637.800000
3084.767337,1645.200000
3085.977356,1657.600000
3087.186918,1662.400000
3088.396024,1672.200000
3089.604675,1657.400000
3090.812869,1625.200000
3092.020609,1663.000000
3093.227893,1651.800000
3094.434722,1666.800000
3095.641096,1655.800000
3096.847015,1656.000000
3098.052480,1651.600000
3099.257490,1633.800000
3100.462047,1645.200000
3101.666149,1653.200000
3102.869798,1661.000000
3104.072993,1650.800000
3105.275735,1649.800000
3106.478023,1653.800000
3107.679858,1653.800000
3108.881241,1657.400000
3110.082171,1637.000000
3111.282649,1621.000000
3112.482674,1618.400000
3113.682247,1609.200000
3114.881368,1625.800000
3116.080038,1635.000000
3117.278256,1630.600000
3118.476022,1610.800000
3119.673338,1613.200000
3120.870202,1585.800000
3122.066616,1606.600000
3123.262579,1602.000000
3124.458092,1547.400000
3125.653155,1578.200000
3126.847767,1591.200000
3128.041930,1567.200000
3129.235642,1562.600000
3130.428906,1570.200000
3131.621720,1556.400000
3132.814085,1520.800000
3134.006001,1529.000000
3135.197468,1516.200000
3136.388487,1548.400000
3137.579057,1487.800000
3138.769179,1509.400000
3139.958854,1504.000000
3141.148080,1488.200000
3142.336858,1479.000000
3143.525190,1457.000000
3144.713073,1458.800000
3145.900510,1465.000000
3147.087500,1466.800000
3148.274043,1456.800000
3149.460140,1423.400000
3150.645790,1412.200000
3151.830994,1414.600000
3153.015752,1403.000000
3154.200064,1434.000000
3155.383930,1410.600000
3156.567351,1405.600000
3157.750327,1387.800000
3158.932858,1379.000000
3160.114943,1383.400000
3161.296584,1360.400000
3162.477781,1369.000000
3163.658533,1335.400000
3164.838841,1352.400000
3166.018704,1348.200000
3167.198125,1353.800000
3168.377101,1351.200000
3169.555634,1349.600000
3170.733723,1301.800000
3171.911370,1331.000000
3173.088574,1313.600000
3174.265334,1308.200000
3175.441653,1312.600000
3176.617529,1294.200000
3177.792962,1310.800000
3178.967954,1305.800000
3180.142504,1292.600000
3181.316612,1263.800000
3182.490278,1271.400000
3183.663504,1269.200000
3184.836288,1251.200000
3186.008631,1277.800000
3187.180534,1271.200000
3188.351996,1262.800000
3189.523017,1215.200000
3190.693599,1246.600000
3191.863740,1235.000000
3193.033441,1266.800000
3194.202703,1214.200000
3195.371525,1208.000000
3196.539908,1213.800000
3197.707851,1201.600000
3198.875356,1220.000000
3200.042422,1204.400000
3201.209049,1196.400000
3202.375238,1167.800000
3203.540988,1170.200000
3204.706301,1173.600000
3205.871175,1203.000000
3207.035612,1173.400000
3208.199611,1139.600000
3209.363173,1142.000000
3210.526297,1178.400000
3211.688985,1158.600000
3212.851236,1160.800000
3214.013050,1145.200000
3215.174427,1125.200000
3216.335368,1128.600000
3217.495873,1121.600000
3218.655942,1132.800000
3219.815575,1101.400000
3220.974773,1106.800000
3222.133535,1085.400000
3223.291862,1091.200000
3224.449754,1090.000000
3225.607211,1111.600000
3226.764233,1070.600000
3227.920820,1055.000000
3229.076974,1041.600000
3230.232693,1049.400000
3231.387977,1039.800000
3232.542829,1066.800000
3233.697246,1016.800000
3234.851230,1033.400000
3236.004780,1008.000000
3237.157897,982.200000
3238.310582,993.400000
3239.462833,959.600000
3240.614652,944.400000
3241.766038,939.400000
3242.916992,946.000000
3244.067514,923.000000
3245.217604,901.200000
3246.367263,873.000000
3247.516489,829.000000
3248.665284,841.200000
3249.813648,823.600000
3250.961581,797.000000
3252.109083,766.600000
3253.256154,742.400000
3254.402795,720.400000
3255.549005,711.200000
3256.694785,691.600000
3257.840135,659.600000
3258.985055,648.000000
3260.129545,639.000000
3261.273606,611.400000
3262.417237,609.600000
3263.560439,584.600000
3264.703213,569.400000
3265.845557,544.800000
3266.987473,533.600000
3268.128960,549.400000
3269.270019,528.200000
3270.410650,517.000000
3271.550852,489.000000
3272.690627,496.600000
3273.829974,484.200000
3274.968894,478.400000
3276.107387,472.800000
3277.245452,453.000000
3278.383090,443.200000
3279.520302,448.600000
3280.657087,450.000000
3281.793445,433.400000
3282.929378,451.800000
3284.064884,417.000000
3285.199964,418.800000
3286.334618,418.400000
3287.468847,420.600000
3288.602650,411.800000
3289.736029,408.400000
3290.868982,373.200000
3292.001510,399.600000
3293.133613,407.800000
3294.265292,403.200000
3295.396546,384.000000
3296.527376,387.400000
3297.657782,364.600000
3298.787764,382.600000
3299.917322,391.000000
3301.046457,387.600000
3302.175169,370.000000
3303.303457,386.200000
3304.431322,373.600000
3305.558764,384.800000
3306.685783,365.800000
3307.812380,364.200000
3308.938555,354.200000
3310.064307,373.000000
3311.189637,368.000000
3312.314545,375.400000
3313.439032,345.000000
3314.563097,349.800000
3315.686740,365.400000
3316.809963,351.600000
3317.932764,367.000000
3319.055144,356.800000
3320.177104,365.400000
3321.298643,335.000000
3322.419762,351.600000
3323.540460,353.400000
3324.660739,345.000000
3325.780597,339.600000
3326.900036,330.600000
3328.019055,326.200000
3329.137655,350.000000
3330.255836,357.600000
3331.373597,369.600000
3332.490940,322.200000
3333.607864,330.400000
3334.724369,337.000000
3335.840456,339.800000
3336.956125,338.000000
3338.071376,353.600000
3339.186209,327.400000
3340.300624,325.400000
3341.414621,327.200000
3342.528201,323.200000
3343.641364,338.600000
3344.754110,321.600000
3345.866438,303.200000
3346.978350,305.200000
3348.089846,310.600000
3349.200925,307.600000
3350.311588,294.200000
3351.421834,301.600000
3352.531665,297.400000
3353.641080,286.200000
3354.750079,297.400000
3355.858663,278.400000
3356.966832,271.600000
3358.074585,279.800000
3359.181924,282.600000
3360.288848,289.800000
3361.395357,271.400000
3362.501451,268.000000
3363.607132,269.200000
3364.712398,260.800000
3365.817250,253.800000
3366.921689,272.200000
3368.025713,265.000000
3369.129325,255.000000
3370.232523,239.600000
3371.335308,256.200000
3372.437679,244.200000
3373.539638,248.000000
3374.641185,232.200000
3375.742318,188.800000
3376.843040,215.000000
3377.943349,215.000000
3379.043246,206.000000
3380.142732,195.200000
3381.241805,181.000000
3382.340467,188.000000
3383.438718,188.600000
3384.536557,201.000000
3385.633986,195.600000
3386.731003,159.200000
3387.827610,142.000000
3388.923806,159.400000
3390.019592,179.200000
3391.114967,-41.200000
3392.209933,-41.400000
3393.304488,-63.800000
3394.398634,-53.200000
3395.492370,492.200000