170.121 16291
171.05084 16062.52329
171.98068 15834.04657
172.91052 15605.56986
173.84036 15377.09314
174.7702 15148.61643
175.70004 14920.13971
176.62988 14691.663
177.55972 14470.65718
178.48956 14324.19016
179.4194 14177.72314
180.34923 14031.25611
181.27907 13884.78909
182.20891 13738.32207
183.13875 13591.85504
184.06859 13445.38802
184.99843 13302.10093
185.92827 13171.931
186.85811 13041.76108
187.78795 12911.59116
188.71779 12781.42123
189.64763 12651.25131
190.57747 12521.08139
191.50731 12390.91147
192.43715 12275.45696
193.36699 12192.28353
194.29683 12109.1101
195.22667 12025.93667
196.15651 11942.76325
197.08635 11859.58982
198.01619 11776.41639
198.94603 11693.24296
199.87587 11611.08763
200.8057 11530.20711
201.73554 11449.3266
202.66538 11368.44609
203.59522 11287.56558
204.52506 11206.68506
205.4549 11125.80455
206.38474 11044.92404
207.31458 10977.79858
208.24442 10920.36094
209.17426 10862.9233
210.1041 10805.48566
211.03394 10748.04802
211.96378 10690.61038
212.89362 10633.17274
213.82346 10575.7351
214.7533 10514.5653
215.68314 10452.10768
216.61298 10389.65005
217.54282 10327.19242
218.47266 10264.73479
219.4025 10202.27716
220.33233 10139.81954
221.26217 10077.36191
222.19201 10042.06412
223.12185 10009.31694
224.05169 9976.56976
224.98153 9943.82258
225.91137 9911.07541
226.84121 9878.32823
227.77105 9845.58105
228.70089 9812.58088
229.63073 9777.21704
230.56057 9741.85321
231.49041 9706.48937
232.42025 9671.12553
233.35009 9635.7617
234.27993 9600.39786
235.20977 9565.03402
236.13961 9534.91955
237.06945 9517.52678
237.99929 9500.134
238.92913 9482.74123
239.85897 9465.34846
240.7888 9447.95568
241.71864 9430.56291
242.64848 9413.17013
243.57832 9390.12283
244.50816 9361.45502
245.438 9332.78722
246.36784 9304.11942
247.29768 9275.45162
248.22752 9246.78381
249.15736 9218.11601
250.0872 9189.44821
251.01704 9155.90292
251.94688 9120.4866
252.87672 9085.07027
253.80656 9049.65395
254.7364 9014.23762
255.66624 8978.82129
256.59608 8943.40497
257.52592 8907.98864
258.45576 8861.64706
259.3856 8814.82611
260.31543 8768.00516
261.24527 8721.18421
262.17511 8674.36327
263.10495 8627.54232
264.03479 8580.72137
264.96463 8537.40665
265.89447 8507.68697
266.82431 8477.9673
267.75415 8448.24762
268.68399 8418.52794
269.61383 8388.80826
270.54367 8359.08859
271.47351 8329.36891
272.40335 8296.55205
273.33319 8260.18671
274.26303 8223.82138
275.19287 8187.45605
276.12271 8151.09072
277.05255 8114.72539
277.98239 8078.36005
278.91223 8041.99472
279.84207 8008.21852
280.7719 7975.35719
281.70174 7942.49586
282.63158 7909.63453
283.56142 7876.7732
284.49126 7843.91187
285.4211 7811.05054
286.35094 7778.04849
287.28078 7739.48377
288.21062 7700.91905
289.14046 7662.35433
290.0703 7623.78961
291.00014 7585.22489
291.92998 7546.66017
292.85982 7508.09545
293.78966 7478.40433
294.7195 7467.2837
295.64934 7456.16307
296.57918 7445.04243
297.50902 7433.9218
298.43886 7422.80117
299.3687 7411.68054
300.29854 7400.55991
301.22837 7377.63975
302.15821 7347.93487
303.08805 7318.23
304.01789 7288.52512
304.94773 7258.82024
305.87757 7229.11536
306.80741 7199.41049
307.73725 7169.70561
308.66709 7144.27242
309.59693 7119.01994
310.52677 7093.76745
311.45661 7068.51497
312.38645 7043.26248
313.31629 7018.01
314.24613 6992.75751
315.17597 6966.6594
316.10581 6938.55778
317.03565 6910.45616
317.96549 6882.35454
318.89533 6854.25291
319.82517 6826.15129
320.755 6798.04967
321.68484 6769.94805
322.61468 6750.86425
323.54452 6736.72216
324.47436 6722.58008
325.4042 6708.43799
326.33404 6694.29591
327.26388 6680.15382
328.19372 6666.01173
329.12356 6651.74312
330.0534 6623.87417
330.98324 6596.00521
331.91308 6568.13625
332.84292 6540.2673
333.77276 6512.39834
334.7026 6484.52938
335.63244 6456.66043
336.56228 6432.00501
337.49212 6412.49929
338.42196 6392.99357
339.3518 6373.48786
340.28164 6353.98214
341.21147 6334.47642
342.14131 6314.9707
343.07115 6295.46499
344.00099 6254.4198
344.93083 6206.98042
345.86067 6159.54104
346.79051 6112.10165
347.72035 6064.66227
348.65019 6017.22289
349.58003 5969.78351
350.50987 5923.20376
351.43971 5880.76453
352.36955 5838.3253
353.29939 5795.88607
354.22923 5753.44685
355.15907 5711.00762
356.08891 5668.56839
357.01875 5626.12916
357.94859 5581.40945
358.87843 5535.0693
359.80827 5488.72915
360.7381 5442.389
361.66794 5396.04885
362.59778 5349.7087
363.52762 5303.36855
364.45746 5257.16963
365.3873 5224.70728
366.31714 5192.24492
367.24698 5159.78256
368.17682 5127.32021
369.10666 5094.85785
370.0365 5062.3955
370.96634 5029.93314
371.89618 4997.47555
372.82602 4965.02384
373.75586 4932.57213
374.6857 4900.12042
375.61554 4867.66871
376.54538 4835.217
377.47522 4802.76529
378.40506 4770.31358
379.3349 4756.26124
380.26474 4744.30127
381.19457 4732.34129
382.12441 4720.38132
383.05425 4708.42135
383.98409 4696.46138
384.91393 4684.50141
385.84377 4677.55143
386.77361 4680.72811
387.70345 4683.90479
388.63329 4687.08147
389.56313 4690.25815
390.49297 4693.43483
391.42281 4696.61151
392.35265 4699.7882
393.28249 4722.92753
394.21233 4751.83167
395.14217 4780.73581
396.07201 4809.63995
397.00185 4838.54409
397.93169 4867.44823
398.86153 4896.35237
399.79137 4915.95456
400.7212 4905.06523
401.65104 4894.17591
402.58088 4883.28658
403.51072 4872.39725
404.44056 4861.50793
405.3704 4850.6186
406.30024 4839.72928
407.23008 4843.05026
408.15992 4852.36193
409.08976 4861.6736
410.0196 4870.98527
410.94944 4880.29694
411.87928 4889.60861
412.80912 4898.92028
413.73896 4901.31998
414.6688 4873.4701
415.59864 4845.62022
416.52848 4817.77034
417.45832 4789.92046
418.38816 4762.07058
419.318 4734.2207
420.24784 4706.37081
421.17767 4685.99615
422.10751 4669.11541
423.03735 4652.23466
423.96719 4635.35391
424.89703 4618.47317
425.82687 4601.59242
426.75671 4584.71168
427.68655 4568.59053
428.61639 4555.75598
429.54623 4542.92142
430.47607 4530.08686
431.40591 4517.25231
432.33575 4504.41775
433.26559 4491.58319
434.19543 4478.74864
435.12527 4469.17092
436.05511 4460.9369
436.98495 4452.70287
437.91479 4444.46885
438.84463 4436.23482
439.77447 4428.0008
440.7043 4419.76678
441.63414 4404.99258
442.56398 4369.38433
443.49382 4333.77607
444.42366 4298.16781
445.3535 4262.55956
446.28334 4226.9513
447.21318 4191.34305
448.14302 4155.73479
449.07286 4129.06991
450.0027 4104.8868
450.93254 4080.70368
451.86238 4056.52056
452.79222 4032.33744
453.72206 4008.15433
454.6519 3983.97121
455.58174 3959.84476
456.51158 3935.82854
457.44142 3911.81232
458.37126 3887.79609
459.3011 3863.77987
460.23094 3839.76365
461.16077 3815.74742
462.09061 3791.7312
463.02045 3781.8589
463.95029 3773.43521
464.88013 3765.01152
465.80997 3756.58782
466.73981 3748.16413
467.66965 3739.74044
468.59949 3731.31675
469.52933 3730.42292
470.45917 3737.44361
471.38901 3744.46431
472.31885 3751.485
473.24869 3758.50569
474.17853 3765.52639
475.10837 3772.54708
476.03821 3781.03384
476.96805 3806.18295
477.89789 3831.33205
478.82773 3856.48116
479.75757 3881.63027
480.6874 3906.77937
481.61724 3931.92848
482.54708 3957.07758
483.47692 3975.3448
484.40676 3990.4471
485.3366 4005.5494
486.26644 4020.65169
487.19628 4035.75399
488.12612 4050.85628
489.05596 4065.95858
489.9858 4080.28975
490.91564 4092.83865
491.84548 4105.38755
492.77532 4117.93645
493.70516 4130.48535
494.635 4143.03425
495.56484 4155.58315
496.49468 4168.13205
497.42452 4164.25688
498.35436 4159.16133
499.2842 4154.06577
500.21404 4148.97022
501.14387 4143.87466
502.07371 4138.77911
503.00355 4133.68355
503.93339 4124.30548
504.86323 4111.71617
505.79307 4099.12686
506.72291 4086.53755
507.65275 4073.94825
508.58259 4061.35894
509.51243 4048.76963
510.44227 4036.23644
511.37211 4023.89767
512.30195 4011.55891
513.23179 3999.22015
514.16163 3986.88139
515.09147 3974.54263
516.02131 3962.20387
516.95115 3949.8651
517.88099 3938.78379
518.81083 3927.85889
519.74067 3916.934
520.67051 3906.00911
521.60034 3895.08421
522.53018 3884.15932
523.46002 3873.23443
524.38986 3869.19745
525.3197 3870.4283
526.24954 3871.65915
527.17938 3872.88999
528.10922 3874.12084
529.03906 3875.35169
529.9689 3876.58254
530.89874 3878.38952
531.82858 3881.8831
532.75842 3885.37669
533.68826 3888.87028
534.6181 3892.36387
535.54794 3895.85745
536.47778 3899.35104
537.40762 3902.84463
538.33746 3880.25028
539.2673 3856.4417
540.19714 3832.63312
541.12697 3808.82454
542.05681 3785.01597
542.98665 3761.20739
543.91649 3737.39881
544.84633 3716.96274
545.77617 3698.20104
546.70601 3679.43934
547.63585 3660.67764
548.56569 3641.91594
549.49553 3623.15424
550.42537 3604.39253
551.35521 3583.37477
552.28505 3558.86919
553.21489 3534.3636
554.14473 3509.85802
555.07457 3485.35244
556.00441 3460.84686
556.93425 3436.34128
557.86409 3414.08298
558.79393 3406.98127
559.72377 3399.87955
560.65361 3392.77783
561.58344 3385.67612
562.51328 3378.5744
563.44312 3371.47268
564.37296 3364.37096
565.3028 3349.13981
566.23264 3332.77229
567.16248 3316.40477
568.09232 3300.03725
569.02216 3283.66973
569.952 3267.30221
570.88184 3250.93469
571.81168 3240.67896
572.74152 3233.89989
573.67136 3227.12083
574.6012 3220.34177
575.53104 3213.56271
576.46088 3206.78365
577.39072 3200.00459
578.32056 3194.80899
579.2504 3191.89892
580.18024 3188.98885
581.11007 3186.07878
582.03991 3183.16871
582.96975 3180.25864
583.89959 3177.34857
584.82943 3174.5046
585.75927 3171.93712
586.68911 3169.36964
587.61895 3166.80215
588.54879 3164.23467
589.47863 3161.66719
590.40847 3159.09971
591.33831 3156.53222
592.26815 3166.17861
593.19799 3175.98024
594.12783 3185.78187
595.05767 3195.5835
595.98751 3205.38513
596.91735 3215.18676
597.84719 3224.98838
598.77703 3235.57764
599.70687 3246.37028
600.63671 3257.16292
601.56654 3267.95556
602.49638 3278.7482
603.42622 3289.54084
604.35606 3300.33348
605.2859 3319.95563
606.21574 3345.12981
607.14558 3370.304
608.07542 3395.47818
609.00526 3420.65237
609.9351 3445.82655
610.86494 3471.00074
611.79478 3504.16206
612.72462 3547.32919
613.65446 3590.49632
614.5843 3633.66345
615.51414 3676.83058
616.44398 3719.99771
617.37382 3763.16484
618.30366 3782.3671
619.2335 3741.64702
620.16334 3700.92694
621.09317 3660.20686
622.02301 3619.48678
622.95285 3578.7667
623.88269 3538.04662
624.81253 3502.84377
625.74237 3501.72248
626.67221 3500.60118
627.60205 3499.47989
628.53189 3498.35859
629.46173 3497.2373
630.39157 3496.116
631.32141 3495.19219
632.25125 3535.90099
633.18109 3576.60979
634.11093 3617.31859
635.04077 3658.02739
635.97061 3698.73619
636.90045 3739.44499
637.83029 3780.15379
638.76013 3769.94763
639.68997 3752.8612
640.61981 3735.77477
641.54964 3718.68833
642.47948 3701.6019
643.40932 3684.51546
644.33916 3667.42903
645.269 3624.13097
646.19884 3573.00568
647.12868 3521.88038
648.05852 3470.75509
648.98836 3419.6298
649.9182 3368.5045
650.84804 3317.37921
651.77788 3300.07481
652.70772 3299.44006
653.63756 3298.80531
654.5674 3298.17055
655.49724 3297.5358
656.42708 3296.90105
657.35692 3296.2663
658.28676 3292.47279
659.2166 3286.39635
660.14644 3280.31991
661.07627 3274.24347
662.00611 3268.16703
662.93595 3262.09059
663.86579 3256.01415
664.79563 3247.47229
665.72547 3236.50376
666.65531 3225.53523
667.58515 3214.56671
668.51499 3203.59818
669.44483 3192.62965
670.37467 3181.66113
671.30451 3165.15619
672.23435 3141.55584
673.16419 3117.9555
674.09403 3094.35515
675.02387 3070.7548
675.95371 3047.15445
676.88355 3023.5541
677.81339 3003.85626
678.74323 2990.43698
679.67307 2977.0177
680.60291 2963.59843
681.53274 2950.17915
682.46258 2936.75987
683.39242 2923.34059
684.32226 2910.52088
685.2521 2898.85883
686.18194 2887.19678
687.11178 2875.53473
688.04162 2863.87268
688.97146 2852.21063
689.9013 2840.54857
690.83114 2832.14692
691.76098 2831.0074
692.69082 2829.86789
693.62066 2828.72837
694.5505 2827.58885
695.48034 2826.44933
696.41018 2825.30981
697.34002 2822.76615
698.26986 2816.77366
699.1997 2810.78116
700.12954 2804.78867
701.05937 2798.79618
701.98921 2792.80368
702.91905 2786.81119
703.84889 2785.28688
704.77873 2795.21988
705.70857 2805.15287
706.63841 2815.08586
707.56825 2825.01885
708.49809 2834.95184
709.42793 2844.88484
710.35777 2851.3503
711.28761 2849.06007
712.21745 2846.76984
713.14729 2844.47961
714.07713 2842.18937
715.00697 2839.89914
715.93681 2837.60891
716.86665 2831.32998
717.79649 2815.63185
718.72633 2799.93372
719.65617 2784.2356
720.58601 2768.53747
721.51584 2752.83934
722.44568 2737.14121
723.37552 2724.00197
724.30536 2716.24737
725.2352 2708.49278
726.16504 2700.73818
727.09488 2692.98358
728.02472 2685.22898
728.95456 2677.47438
729.8844 2675.85228
730.81424 2685.20249
731.74408 2694.5527
732.67392 2703.90291
733.60376 2713.25312
734.5336 2722.60333
735.46344 2731.95354
736.39328 2740.19606
737.32312 2746.82338
738.25296 2753.45071
739.1828 2760.07803
740.11264 2766.70535
741.04247 2773.33268
741.97231 2779.96
742.90215 2793.48209
743.83199 2814.90985
744.76183 2836.33762
745.69167 2857.76539
746.62151 2879.19315
747.55135 2900.62092
748.48119 2922.04869
749.41103 2937.30294
750.34087 2947.20409
751.27071 2957.10524
752.20055 2967.00639
753.13039 2976.90754
754.06023 2986.80869
754.99007 2996.70985
755.91991 2975.74983
756.84975 2935.64913
757.77959 2895.54844
758.70943 2855.44775
759.63927 2815.34705
760.56911 2775.24636
761.49894 2735.14566
762.42878 2698.44751
763.35862 2663.1419
764.28846 2627.8363
765.2183 2592.53069
766.14814 2557.22508
767.07798 2521.91947
768.00782 2486.61386
768.93766 2460.40633
769.8675 2436.29604
770.79734 2412.18575
771.72718 2388.07546
772.65702 2363.96517
773.58686 2339.85487
774.5167 2315.74458
775.44654 2305.09378
776.37638 2295.49286
777.30622 2285.89193
778.23606 2276.291
779.1659 2266.69008
780.09574 2257.08915
781.02558 2247.92232
781.95541 2246.46512
782.88525 2245.00791
783.81509 2243.55071
784.74493 2242.0935
785.67477 2240.6363
786.60461 2239.17909
787.53445 2238.1671
788.46429 2239.04265
789.39413 2239.91821
790.32397 2240.79376
791.25381 2241.66932
792.18365 2242.54487
793.11349 2243.42042
794.04333 2250.0533
794.97317 2267.96005
795.90301 2285.86679
796.83285 2303.77354
797.76269 2321.68028
798.69253 2339.58703
799.62237 2357.49377
800.55221 2371.70405
801.48204 2382.17394
802.41188 2392.64384
803.34172 2403.11373
804.27156 2413.58363
805.2014 2424.05353
806.13124 2434.52342
807.06108 2471.74269
807.99092 2522.25984
808.92076 2572.77698
809.8506 2623.29413
810.78044 2673.81127
811.71028 2724.32842
812.64012 2774.84556
813.56996 2839.26303
814.4998 2906.16282
815.42964 2973.06261
816.35948 3039.9624
817.28932 3106.86219
818.21916 3173.76198
819.149 3240.4264
820.07884 3301.41024
821.00868 3362.39408
821.93851 3423.37792
822.86835 3484.36176
823.79819 3545.3456
824.72803 3606.32944
825.65787 3652.5179
826.58771 3652.59158
827.51755 3652.66526
828.44739 3652.73894
829.37723 3652.81262
830.30707 3652.8863
831.23691 3652.95998
832.16675 3638.6394
833.09659 3607.20192
834.02643 3575.76444
834.95627 3544.32695
835.88611 3512.88947
836.81595 3481.45199
837.74579 3450.01451
838.67563 3431.99138
839.60547 3420.239
840.53531 3408.48661
841.46514 3396.73423
842.39498 3384.98185
843.32482 3373.22947
844.25466 3361.47709
845.1845 3376.72502
846.11434 3394.4213
847.04418 3412.11758
847.97402 3429.81386
848.90386 3447.51014
849.8337 3465.20642
850.76354 3477.99314
851.69338 3465.75833
852.62322 3453.52352
853.55306 3441.28872
854.4829 3429.05391
855.41274 3416.8191
856.34258 3404.58429
857.27242 3391.68473
858.20226 3377.87084
859.1321 3364.05696
860.06194 3350.24307
860.99178 3336.42918
861.92161 3322.61529
862.85145 3308.8014
863.78129 3312.38978
864.71113 3323.8472
865.64097 3335.30462
866.57081 3346.76204
867.50065 3358.21946
868.43049 3369.67688
869.36033 3381.1343
870.29017 3417.56418
871.22001 3454.81743
872.14985 3492.07067
873.07969 3529.32392
874.00953 3566.57716
874.93937 3603.83041
875.86921 3629.63749
876.79905 3622.39762
877.72889 3615.15775
878.65873 3607.91789
879.58857 3600.67802
880.51841 3593.43815
881.44824 3586.19828
882.37808 3574.40435
883.30792 3559.00661
884.23776 3543.60888
885.1676 3528.21114
886.09744 3512.8134
887.02728 3497.41566
887.95712 3482.01792
888.88696 3451.1808
889.8168 3418.01513
890.74664 3384.84946
891.67648 3351.68379
892.60632 3318.51813
893.53616 3285.35246
894.466 3253.88872
895.39584 3229.66391
896.32568 3205.43911
897.25552 3181.2143
898.18536 3156.9895
899.1152 3132.76469
900.04504 3108.53989
900.97488 3088.81953
901.90471 3073.19703
902.83455 3057.57452
903.76439 3041.95201
904.69423 3026.32951
905.62407 3010.707
906.55391 2995.0845
907.48375 2993.65192
908.41359 2994.40422
909.34343 2995.15652
910.27327 2995.90882
911.20311 2996.66111
912.13295 2997.41341
913.06279 2999.40058
913.99263 3005.75894
914.92247 3012.11731
915.85231 3018.47567
916.78215 3024.83403
917.71199 3031.1924
918.64183 3037.55076
919.57167 3050.22326
920.50151 3066.85183
921.43134 3083.4804
922.36118 3100.10897
923.29102 3116.73755
924.22086 3133.36612
925.1507 3149.99469
926.08054 3177.24143
927.01038 3204.49156
927.94022 3231.74169
928.87006 3258.99182
929.7999 3286.24195
930.72974 3313.49208
931.65958 3340.94093
932.58942 3368.69516
933.51926 3396.44939
934.4491 3424.20362
935.37894 3451.95785
936.30878 3479.71208
937.23862 3507.46632
938.16846 3506.61591
939.0983 3498.64197
940.02814 3490.66802
940.95798 3482.69408
941.88781 3474.72013
942.81765 3466.74618
943.74749 3459.85721
944.67733 3456.89061
945.60717 3453.92401
946.53701 3450.9574
947.46685 3447.9908
948.39669 3445.0242
949.32653 3442.0576
950.25637 3436.58738
951.18621 3429.73014
952.11605 3422.87291
953.04589 3416.01567
953.97573 3409.15844
954.90557 3402.3012
955.83541 3395.38746
956.76525 3387.8334
957.69509 3380.27934
958.62493 3372.72528
959.55477 3365.17121
960.48461 3357.61715
961.41444 3350.06309
962.34428 3351.02325
963.27412 3359.58478
964.20396 3368.14632
965.1338 3376.70786
966.06364 3385.2694
966.99348 3393.83093
967.92332 3402.39247
968.85316 3420.26452
969.783 3438.255
970.71284 3456.24547
971.64268 3474.23594
972.57252 3492.22642
973.50236 3510.21689
974.4322 3522.58872
975.36204 3528.26317
976.29188 3533.93761
977.22172 3539.61206
978.15156 3545.28651
979.0814 3550.96096
980.01124 3556.6354
980.94108 3568.13845
981.87091 3580.04171
982.80075 3591.94496
983.73059 3603.84822
984.66043 3615.75148
985.59027 3627.65474
986.52011 3650.38553
987.44995 3687.76982
988.37979 3725.15411
989.30963 3762.5384
990.23947 3799.92268
991.16931 3837.30697
992.09915 3874.69126
993.02899 4017.45707
993.95883 4168.78354
994.88867 4320.11002
995.81851 4471.43649
996.74835 4622.76296
997.67819 4774.08944
998.60803 4858.08876
999.53787 4854.8489
1000.46771 4851.60904
1001.39755 4848.36918
1002.32738 4845.12932
1003.25722 4841.88946
1004.18706 4838.6496
1005.1169 4690.92876
1006.04674 4536.21336
1006.97658 4381.49796
1007.90642 4226.78257
1008.83626 4072.06717
1009.7661 3917.35177
1010.69594 3806.14416
1011.62578 3740.15805
1012.55562 3674.17193
1013.48546 3608.18581
1014.4153 3542.1997
1015.34514 3476.21358
1016.27498 3412.52332
1017.20482 3432.00493
1018.13466 3451.48655
1019.0645 3470.96816
1019.99434 3490.44977
1020.92418 3509.93139
1021.85401 3529.413
1022.78385 3553.29811
1023.71369 3580.30847
1024.64353 3607.31883
1025.57337 3634.3292
1026.50321 3661.33956
1027.43305 3688.34993
1028.36289 3709.62218
1029.29273 3696.48315
1030.22257 3683.34411
1031.15241 3670.20507
1032.08225 3657.06604
1033.01209 3643.927
1033.94193 3630.78796
1034.87177 3599.24126
1035.80161 3560.23793
1036.73145 3521.23459
1037.66129 3482.23125
1038.59113 3443.22792
1039.52097 3404.22458
1040.45081 3370.94572
1041.38065 3350.89801
1042.31048 3330.85029
1043.24032 3310.80258
1044.17016 3290.75486
1045.1 3270.70715
1046.02984 3250.65943
1046.95968 3234.6952
1047.88952 3219.22392
1048.81936 3203.75264
1049.7492 3188.28136
1050.67904 3172.81008
1051.60888 3157.3388
1052.53872 3147.53075
1053.46856 3143.53901
1054.3984 3139.54728
1055.32824 3135.55554
1056.25808 3131.56381
1057.18792 3127.57207
1058.11776 3125.70621
1059.0476 3141.93528
1059.97744 3158.16435
1060.90728 3174.39342
1061.83711 3190.62249
1062.76695 3206.85156
1063.69679 3223.08064
1064.62663 3244.24439
1065.55647 3267.25478
1066.48631 3290.26517
1067.41615 3313.27555
1068.34599 3336.28594
1069.27583 3359.29633
1070.20567 3378.31658
1071.13551 3390.2739
1072.06535 3402.23123
1072.99519 3414.18856
1073.92503 3426.14589
1074.85487 3438.10321
1075.78471 3450.12368
1076.71455 3474.55125
1077.64439 3498.97883
1078.57423 3523.4064
1079.50407 3547.83397
1080.43391 3572.26155
1081.36375 3596.68912
1082.29358 3610.26011
1083.22342 3618.23269
1084.15326 3626.20526
1085.0831 3634.17784
1086.01294 3642.15042
1086.94278 3650.123
1087.87262 3651.71604
1088.80246 3640.09324
1089.7323 3628.47045
1090.66214 3616.84765
1091.59198 3605.22486
1092.52182 3593.60206
1093.45166 3581.9368
1094.3815 3546.51434
1095.31134 3511.09188
1096.24118 3475.66942
1097.17102 3440.24696
1098.10086 3404.82451
1099.0307 3369.40205
1099.96054 3353.37312
1100.89038 3346.54995
1101.82021 3339.72678
1102.75005 3332.90361
1103.67989 3326.08044
1104.60973 3319.25727
1105.53957 3313.26957
1106.46941 3308.66805
1107.39925 3304.06653
1108.32909 3299.46502
1109.25893 3294.8635
1110.18877 3290.26198
1111.11861 3286.85175
1112.04845 3298.39514
1112.97829 3309.93852
1113.90813 3321.48191
1114.83797 3333.02529
1115.76781 3344.56868
1116.69765 3356.11206
1117.62749 3365.95064
1118.55733 3375.34457
1119.48717 3384.73849
1120.41701 3394.13242
1121.34685 3403.52635
1122.27668 3412.92027
1123.20652 3407.87945
1124.13636 3389.10692
1125.0662 3370.33438
1125.99604 3351.56185
1126.92588 3332.78932
1127.85572 3314.01678
1128.78556 3287.06841
1129.7154 3236.02309
1130.64524 3184.97778
1131.57508 3133.93246
1132.50492 3082.88715
1133.43476 3031.84183
1134.3646 2980.79652
1135.29444 2976.76094
1136.22428 2973.00004
1137.15412 2969.23913
1138.08396 2965.47823
1139.0138 2961.71733
1139.94364 2957.95642
1140.87348 2965.60757
1141.80331 2977.1506
1142.73315 2988.69364
1143.66299 3000.23667
1144.59283 3011.77971
1145.52267 3023.32274
1146.45251 3033.08042
1147.38235 3041.11012
1148.31219 3049.13982
1149.24203 3057.16953
1150.17187 3065.19923
1151.10171 3073.22893
1152.03155 3075.80982
1152.96139 3064.46835
1153.89123 3053.12688
1154.82107 3041.78541
1155.75091 3030.44394
1156.68075 3019.10247
1157.61059 3006.5679
1158.54043 2976.91566
1159.47027 2947.26342
1160.40011 2917.61117
1161.32995 2887.95893
1162.25978 2858.30669
1163.18962 2828.65445
1164.11946 2808.60617
1165.0493 2790.1227
1165.97914 2771.63923
1166.90898 2753.15576
1167.83882 2734.6723
1168.76866 2716.18883
1169.6985 2712.36644
1170.62834 2715.92409
1171.55818 2719.48173
1172.48802 2723.03938
1173.41786 2726.59703
1174.3477 2730.15467
1175.27754 2727.36895
1176.20738 2717.74713
1177.13722 2708.12532
1178.06706 2698.5035
1178.9969 2688.88168
1179.92674 2679.25986
1180.85658 2673.24814
1181.78641 2675.76337
1182.71625 2678.2786
1183.64609 2680.79383
1184.57593 2683.30906
1185.50577 2685.82428
1186.43561 2690.70525
1187.36545 2710.74664
1188.29529 2730.78804
1189.22513 2750.82943
1190.15497 2770.87083
1191.08481 2790.91222
1192.01465 2810.95361
1192.94449 2848.42278
1193.87433 2886.38039
1194.80417 2924.338
1195.73401 2962.29561
1196.66385 3000.25322
1197.59369 3038.21083
1198.52353 3084.11399
1199.45337 3131.74788
1200.38321 3179.38176
1201.31305 3227.01565
1202.24288 3274.64953
1203.17272 3322.28342
1204.10256 3348.04759
1205.0324 3364.0343
1205.96224 3380.02102
1206.89208 3396.00773
1207.82192 3411.99445
1208.75176 3427.98116
1209.6816 3423.3121
1210.61144 3402.47651
1211.54128 3381.64091
1212.47112 3360.80532
1213.40096 3339.96972
1214.3308 3319.13412
1215.26064 3319.50105
1216.19048 3346.67594
1217.12032 3373.85082
1218.05016 3401.02571
1218.98 3428.2006
1219.90984 3455.37549
1220.83968 3487.4572
1221.76952 3529.36547
1222.69935 3571.27373
1223.62919 3613.18199
1224.55903 3655.09025
1225.48887 3696.99851
1226.41871 3737.94438
1227.34855 3775.5651
1228.27839 3813.18581
1229.20823 3850.80653
1230.13807 3888.42725
1231.06791 3926.04796
1231.99775 3958.11562
1232.92759 3955.31787
1233.85743 3952.52013
1234.78727 3949.72238
1235.71711 3946.92463
1236.64695 3944.12688
1237.57679 3940.94721
1238.50663 3931.89567
1239.43647 3922.84413
1240.36631 3913.7926
1241.29615 3904.74106
1242.22598 3895.68953
1243.15582 3886.63799
1244.08566 3874.54595
1245.0155 3862.40684
1245.94534 3850.26773
1246.87518 3838.12861
1247.80502 3825.9895
1248.73486 3813.85039
1249.6647 3812.30887
1250.59454 3811.56567
1251.52438 3810.82247
1252.45422 3810.07927
1253.38406 3809.33607
1254.3139 3808.59288
1255.24374 3793.9498
1256.17358 3777.32159
1257.10342 3760.69339
1258.03326 3744.06518
1258.9631 3727.43697
1259.89294 3710.80876
1260.82278 3707.449
1261.75262 3706.78601
1262.68245 3706.12303
1263.61229 3705.46004
1264.54213 3704.79705
1265.47197 3704.13407
1266.40181 3683.07028
1267.33165 3656.83553
1268.26149 3630.60077
1269.19133 3604.36601
1270.12117 3578.13125
1271.05101 3551.89649
1271.98085 3520.33826
1272.91069 3487.23664
1273.84053 3454.13501
1274.77037 3421.03339
1275.70021 3387.93177
1276.63005 3354.83015
1277.55989 3323.97361
1278.48973 3293.81269
1279.41957 3263.65176
1280.34941 3233.49084
1281.27925 3203.32992
1282.20908 3173.169
1283.13892 3147.64391
1284.06876 3123.56431
1284.9986 3099.4847
1285.92844 3075.40509
1286.85828 3051.32548
1287.78812 3027.24587
1288.71796 3001.69964
1289.6478 2975.69377
1290.57764 2949.6879
1291.50748 2923.68202
1292.43732 2897.67615
1293.36716 2871.67028
1294.297 2860.04993
1295.22684 2852.44077
1296.15668 2844.8316
1297.08652 2837.22244
1298.01636 2829.61328
1298.9462 2822.00412
1299.87604 2827.35534
1300.80588 2835.89966
1301.73572 2844.44398
1302.66555 2852.98829
1303.59539 2861.53261
1304.52523 2870.07693
1305.45507 2905.35323
1306.38491 2945.9715
1307.31475 2986.58978
1308.24459 3027.20805
1309.17443 3067.82632
1310.10427 3108.44459
1311.03411 3123.06911
1311.96395 3133.99851
1312.89379 3144.92791
1313.82363 3155.8573
1314.75347 3166.7867
1315.68331 3177.7161
1316.61315 3171.93257
1317.54299 3164.85771
1318.47283 3157.78284
1319.40267 3150.70797
1320.33251 3143.63311
1321.26235 3136.55824
1322.19218 3115.57929
1323.12202 3094.48493
1324.05186 3073.39056
1324.9817 3052.2962
1325.91154 3031.20184
1326.84138 3011.05996
1327.77122 3004.39414
1328.70106 2997.72832
1329.6309 2991.06251
1330.56074 2984.39669
1331.49058 2977.73087
1332.42042 2971.33484
1333.35026 2966.59248
1334.2801 2961.85013
1335.20994 2957.10778
1336.13978 2952.36543
1337.06962 2947.62308
1337.99946 2938.34369
1338.9293 2914.37788
1339.85914 2890.41207
1340.78898 2866.44626
1341.71882 2842.48045
1342.64865 2818.51464
1343.57849 2792.42327
1344.50833 2762.05078
1345.43817 2731.67828
1346.36801 2701.30579
1347.29785 2670.93329
1348.22769 2640.56079
1349.15753 2616.75748
1350.08737 2601.37348
1351.01721 2585.98948
1351.94705 2570.60548
1352.87689 2555.22148
1353.80673 2539.83748
1354.73657 2518.28847
1355.66641 2491.80726
1356.59625 2465.32605
1357.52609 2438.84484
1358.45593 2412.36364
1359.38577 2385.88243
1360.31561 2377.67491
1361.24545 2377.93084
1362.17528 2378.18676
1363.10512 2378.44268
1364.03496 2378.69861
1364.9648 2378.95453
1365.89464 2371.91478
1366.82448 2363.29883
1367.75432 2354.68289
1368.68416 2346.06694
1369.614 2337.451
1370.54384 2328.83505
1371.47368 2341.66656
1372.40352 2355.36585
1373.33336 2369.06515
1374.2632 2382.76444
1375.19304 2396.46373
1376.12288 2407.03443
1377.05272 2394.96171
1377.98256 2382.88898
1378.9124 2370.81626
1379.84224 2358.74353
1380.77208 2346.67081
1381.70192 2337.97583
1382.63175 2337.89005
1383.56159 2337.80428
1384.49143 2337.7185
1385.42127 2337.63272
1386.35111 2337.54694
1387.28095 2329.13542
1388.21079 2310.65894
1389.14063 2292.18246
1390.07047 2273.70598
1391.00031 2255.2295
1391.93015 2236.75303
1392.85999 2218.36409
1393.78983 2200.02559
1394.71967 2181.68709
1395.64951 2163.34859
1396.57935 2145.01009
1397.50919 2126.67158
1398.43903 2110.04178
1399.36887 2093.76929
1400.29871 2077.4968
1401.22855 2061.2243
1402.15838 2044.95181
1403.08822 2028.96424
1404.01806 2027.14953
1404.9479 2025.33482
1405.87774 2023.52011
1406.80758 2021.7054
1407.73742 2019.89069
1408.66726 2014.96647
1409.5971 1999.84361
1410.52694 1984.72076
1411.45678 1969.5979
1412.38662 1954.47505
1413.31646 1939.35219
1414.2463 1937.74451
1415.17614 1952.80895
1416.10598 1967.87339
1417.03582 1982.93783
1417.96566 1998.00227
1418.8955 2013.0667
1419.82534 2022.7923
1420.75518 2029.91817
1421.68502 2037.04404
1422.61485 2044.16991
1423.54469 2051.29579
1424.47453 2058.42166
1425.40437 2089.76382
1426.33421 2123.24498
1427.26405 2156.72614
1428.19389 2190.2073
1429.12373 2223.68847
1430.05357 2260.42875
1430.98341 2315.01764
1431.91325 2369.60654
1432.84309 2424.19543
1433.77293 2478.78432
1434.70277 2533.37322
1435.63261 2588.93745
1436.56245 2645.89666
1437.49229 2702.85587
1438.42213 2759.81509
1439.35197 2816.7743
1440.28181 2873.73351
1441.21165 2916.35331
1442.14148 2952.2036
1443.07132 2988.05388
1444.00116 3023.90417
1444.931 3059.75445
1445.86084 3095.60474
1446.79068 3115.04744
1447.72052 3133.57431
1448.65036 3152.10119
1449.5802 3170.62807
1450.51004 3189.15495
1451.43988 3198.75694
1452.36972 3177.74362
1453.29956 3156.7303
1454.2294 3135.71697
1455.15924 3114.70365
1456.08908 3093.69033
1457.01892 3070.98489
1457.94876 3046.68625
1458.8786 3022.38762
1459.80844 2998.08898
1460.73828 2973.79034
1461.66812 2949.49171
1462.59795 2903.16204
1463.52779 2851.83631
1464.45763 2800.51057
1465.38747 2749.18483
1466.31731 2697.8591
1467.24715 2641.73875
1468.17699 2552.35814
1469.10683 2462.97754
1470.03667 2373.59693
1470.96651 2284.21632
1471.89635 2194.83572
1472.82619 2117.06048
1473.75603 2054.2466
1474.68587 1991.43272
1475.61571 1928.61884
1476.54555 1865.80495
1477.47539 1802.99107
1478.40523 1735.42837
1479.33507 1666.44158
1480.26491 1597.4548
1481.19475 1528.46801
1482.12459 1459.48122
1483.05442 1394.57392
1483.98426 1365.7595
1484.9141 1336.94508
1485.84394 1308.13066
1486.77378 1279.31624
1487.70362 1250.50182
1488.63346 1223.82875
1489.5633 1199.83003
1490.49314 1175.83132
1491.42298 1151.8326
1492.35282 1127.83389
1493.28266 1103.83517
1494.2125 1084.99859
1495.14234 1067.46447
1496.07218 1049.93036
1497.00202 1032.39624
1497.93186 1014.86212
1498.8617 999.74262
1499.79154 998.05361
1500.72138 996.36461
1501.65122 994.67561
1502.58105 992.98661
1503.51089 991.29761
1504.44073 987.73205
1505.37057 982.48736
1506.30041 977.24267
1507.23025 971.99797
1508.16009 966.75328
1509.08993 961.50859
1510.01977 965.50407
1510.94961 970.49181
1511.87945 975.47955
1512.80929 980.46729
1513.73913 985.45503
1514.66897 986.72848
1515.59881 978.87571
1516.52865 971.02294
1517.45849 963.17016
1518.38833 955.31739
1519.31817 947.46462
1520.24801 943.46636
1521.17785 941.23121
1522.10769 938.99606
1523.03752 936.76092
1523.96736 934.52577
1524.8972 932.75964
1525.82704 935.53133
1526.75688 938.30302
1527.68672 941.07471
1528.61656 943.8464
1529.5464 946.61809
1530.47624 952.90552
1531.40608 962.68877
1532.33592 972.47202
1533.26576 982.25527
1534.1956 992.03852
1535.12544 1001.82177
1536.05528 1008.43057
1536.98512 1014.8029
1537.91496 1021.17522
1538.8448 1027.54755
1539.77464 1033.91988
1540.70448 1043.6932
1541.63432 1059.52026
1542.56415 1075.34732
1543.49399 1091.17437
1544.42383 1107.00143
1545.35367 1122.82848
1546.28351 1130.4582
1547.21335 1136.03364
1548.14319 1141.60908
1549.07303 1147.18452
1550.00287 1152.75996
1550.93271 1154.31882
1551.86255 1143.12464
1552.79239 1131.93045
1553.72223 1120.73627
1554.65207 1109.54208
1555.58191 1098.3479
1556.51175 1085.88818
1557.44159 1072.88849
1558.37143 1059.88879
1559.30127 1046.88909
1560.23111 1033.88939
1561.16095 1022.41266
1562.09079 1018.79461
1563.02062 1015.17656
1563.95046 1011.55851
1564.8803 1007.94045
1565.81014 1004.3224
1566.73998 998.05473
1567.66982 990.26075
1568.59966 982.46677
1569.5295 974.6728
1570.45934 966.87882
1571.38918 961.11953
1572.31902 970.65401
1573.24886 980.1885
1574.1787 989.72299
1575.10854 999.25748
1576.03838 1008.79196
1576.96822 1019.44982
1577.89806 1030.82262
1578.8279 1042.19541
1579.75774 1053.5682
1580.68758 1064.941
1581.61742 1075.46245
1582.54725 1079.46568
1583.47709 1083.4689
1584.40693 1087.47212
1585.33677 1091.47535
1586.26661 1095.47857
1587.19645 1090.78335
1588.12629 1080.75567
1589.05613 1070.72799
1589.98597 1060.70031
1590.91581 1050.67263
1591.84565 1045.52999
1592.77549 1071.65267
1593.70533 1097.77535
1594.63517 1123.89803
1595.56501 1150.02071
1596.49485 1176.14339
1597.42469 1207.01912
1598.35453 1240.33292
1599.28437 1273.64673
1600.21421 1306.96053
1601.14405 1340.27434
1602.07389 1368.24883
1603.00372 1374.56368
1603.93356 1380.87854
1604.8634 1387.19339
1605.79324 1393.50825
1606.72308 1399.8231
1607.65292 1393.33462
1608.58276 1382.21698
1609.5126 1371.09933
1610.44244 1359.98168
1611.37228 1348.86404
1612.30212 1338.33796
1613.23196 1329.2417
1614.1618 1320.14544
1615.09164 1311.04919
1616.02148 1301.95293
1616.95132 1292.85667
1617.88116 1271.05524
1618.811 1247.02672
1619.74084 1222.99819
1620.67068 1198.96966
1621.60052 1174.94114
1622.53035 1160.18835
1623.46019 1158.25499
1624.39003 1156.32162
1625.31987 1154.38825
1626.24971 1152.45488
1627.17955 1150.52151
1628.10939 1150.3172
1629.03923 1150.13235
1629.96907 1149.94749
1630.89891 1149.76264
1631.82875 1149.57778
1632.75859 1154.37194
1633.68843 1162.78301
1634.61827 1171.19408
1635.54811 1179.60516
1636.47795 1188.01623
1637.40779 1197.0745
1638.33763 1209.29948
1639.26747 1221.52446
1640.19731 1233.74944
1641.12715 1245.97442
1642.05699 1258.19941
1642.98682 1272.58938
1643.91666 1287.62272
1644.8465 1302.65605
1645.77634 1317.68938
1646.70618 1332.72272
1647.63602 1349.53261
1648.56586 1369.20586
1649.4957 1388.87911
1650.42554 1408.55236
1651.35538 1428.22562
1652.28522 1447.89887
1653.21506 1479.88582
1654.1449 1511.9364
1655.07474 1543.98699
1656.00458 1576.03757
1656.93442 1608.08815
1657.86426 1633.75756
1658.7941 1655.65258
1659.72394 1677.5476
1660.65378 1699.44262
1661.58362 1721.33764
1662.51345 1742.84235
1663.44329 1763.24664
1664.37313 1783.65094
1665.30297 1804.05523
1666.23281 1824.45953
1667.16265 1844.86382
1668.09249 1839.62985
1669.02233 1831.39787
1669.95217 1823.16589
1670.88201 1814.93391
1671.81185 1806.70193
1672.74169 1791.34231
1673.67153 1770.15804
1674.60137 1748.97377
1675.53121 1727.7895
1676.46105 1706.60523
1677.39089 1679.40379
1678.32073 1630.38199
1679.25057 1581.36019
1680.18041 1532.33839
1681.11025 1483.31659
1682.04009 1434.29478
1682.96992 1394.4607
1683.89976 1355.85827
1684.8296 1317.25584
1685.75944 1278.65341
1686.68928 1240.05098
1687.61912 1198.19748
1688.54896 1153.77182
1689.4788 1109.34615
1690.40864 1064.92048
1691.33848 1020.49482
1692.26832 976.97894
1693.19816 936.42813
1694.128 895.87732
1695.05784 855.32651
1695.98768 814.77569
1696.91752 774.22488
1697.84736 747.13306
1698.7772 721.0108
1699.70704 694.88853
1700.63688 668.76626
1701.56672 642.644
1702.49656 623.64135
1703.42639 608.80549
1704.35623 593.96964
1705.28607 579.13378
1706.21591 564.29793
1707.14575 550.1592
1708.07559 537.37628
1709.00543 524.59335
1709.93527 511.81042
1710.86511 499.0275
1711.79495 486.44042
1712.72479 476.97159
1713.65463 467.50276
1714.58447 458.03392
1715.51431 448.56509
1716.44415 439.09625
1717.37399 429.44921
1718.30383 419.7515
1719.23367 410.05378
1720.16351 400.35607
1721.09335 390.65836
1722.02319 388.37141
1722.95302 392.93495
1723.88286 397.49849
1724.8127 402.06202
1725.74254 406.62556
1726.67238 406.70502
1727.60222 394.05944
1728.53206 381.41387
1729.4619 368.76829
1730.39174 356.12272
1731.32158 343.48602
1732.25142 335.75327
1733.18126 328.02052
1734.1111 320.28777
1735.04094 312.55502
1735.97078 304.82226
1736.90062 305.40788
1737.83046 308.55813
1738.7603 311.70838
1739.69014 314.85863
1740.61998 318.00888
1741.54982 322.42223
1742.47966 327.97077
1743.40949 333.51931
1744.33933 339.06785
1745.26917 344.61639
1746.19901 346.86044
1747.12885 341.39643
1748.05869 335.93243
1748.98853 330.46842
1749.91837 325.00442
1750.84821 319.66066
1751.77805 315.62623
1752.70789 311.5918
1753.63773 307.55737
1754.56757 303.52294
1755.49741 299.48852
1756.42725 301.02623
1757.35709 303.33162
1758.28693 305.63701
1759.21677 307.9424
1760.14661 310.24778
1761.07645 311.90789
1762.00629 313.25549
1762.93612 314.60308
1763.86596 315.95067
1764.7958 317.29827
1765.72564 315.4112
1766.65548 310.00964
1767.58532 304.60808
1768.51516 299.20653
1769.445 293.80497
1770.37484 293.16466
1771.30468 303.87132
1772.23452 314.57798
1773.16436 325.28464
1774.0942 335.9913
1775.02404 344.64385
1775.95388 336.99204
1776.88372 329.34024
1777.81356 321.68843
1778.7434 314.03663
1779.67324 306.38482
1780.60308 306.91987
1781.53292 307.88845
1782.46276 308.85704
1783.39259 309.82562
1784.32243 310.7942
1785.25227 312.67816
1786.18211 314.80909
1787.11195 316.94002
1788.04179 319.07094
1788.97163 321.20187
1789.90147 324.91996
1790.83131 329.58852
1791.76115 334.25707
1792.69099 338.92562
1793.62083 343.59417
1794.55067 342.32299
1795.48051 334.73644
1796.41035 327.14988
1797.34019 319.56332
1798.27003 311.97677
1799.19987 307.2347
1800.12971 307.91698
1801.05955 308.59925
1801.98939 309.28152
1802.91922 309.96379
1803.84906 308.65991
1804.7789 300.06475
1805.70874 291.4696
1806.63858 282.87444
1807.56842 274.27929
1808.49826 266.97283
1809.4281 271.95412
1810.35794 276.9354
1811.28778 281.91668
1812.21762 286.89797
1813.14746 291.87925
1814.0773 297.4438
1815.00714 303.02283
1815.93698 308.60187
1816.86682 314.18091
1817.79666 319.75994
1818.7265 311.22699
1819.65634 300.53579
1820.58618 289.8446
1821.51602 279.15341
1822.44586 268.46221
1823.37569 271.97673
1824.30553 279.74178
1825.23537 287.50682
1826.16521 295.27187
1827.09505 303.03691
1828.02489 306.37247
1828.95473 307.65027
1829.88457 308.92806
1830.81441 310.20585
1831.74425 311.48364
1832.67409 306.07171
1833.60393 296.12321
1834.53377 286.17472
1835.46361 276.22622
1836.39345 266.27773
1837.32329 265.39914
1838.25313 272.90103
1839.18297 280.40292
1840.11281 287.90481
1841.04265 295.4067
1841.97249 300.17418
1842.90232 301.65797
1843.83216 303.14175
1844.762 304.62554
1845.69184 306.10932
1846.62168 304.6671
1847.55152 298.83087
1848.48136 292.99464
1849.4112 287.15841
1850.34104 281.32219
1851.27088 277.39737
1852.20072 277.09998
1853.13056 276.80259
1854.0604 276.5052
1854.99024 276.20781
1855.92008 277.73557
1856.84992 283.49752
1857.77976 289.25946
1858.7096 295.02141
1859.63944 300.78336
1860.56928 304.60037
1861.49912 303.11027
1862.42896 301.62018
1863.35879 300.13008
1864.28863 298.63998
1865.21847 298.31869
1866.14831 301.8031
1867.07815 305.28751
1868.00799 308.77192
1868.93783 312.25633
1869.86767 313.91832
1870.79751 308.83014
1871.72735 303.74197
1872.65719 298.65379
1873.58703 293.56561
1874.51687 289.76121
1875.44671 291.06099
1876.37655 292.36077
1877.30639 293.66054
1878.23623 294.96032
1879.16607 292.99892
1880.09591 278.00151
1881.02575 263.0041
1881.95559 248.00669
1882.88542 233.00927
1883.81526 223.8149
1884.7451 237.94285
1885.67494 252.0708
1886.60478 266.19875
1887.53462 280.3267
1888.46446 289.94598
1889.3943 282.5153
1890.32414 275.08462
1891.25398 267.65393
1892.18382 260.22325
1893.11366 255.42294
1894.0435 259.43952
1894.97334 263.45611
1895.90318 267.47269
1896.83302 271.48928
1897.76286 273.99598
1898.6927 271.98334
1899.62254 269.9707
1900.55238 267.95806
1901.48222 265.94542
1902.41206 264.35789
1903.34189 263.85364
1904.27173 263.34938
1905.20157 262.84513
1906.13141 262.34088
1907.06125 264.06293
1907.99109 270.43031
1908.92093 276.79769
1909.85077 283.16507
1910.78061 289.53245
1911.71045 290.30023
1912.64029 281.81039
1913.57013 273.32056
1914.49997 264.83072
1915.42981 256.34088
1916.35965 250.3681
1917.28949 247.73457
1918.21933 245.10103
1919.14917 242.4675
1920.07901 239.83397
1921.00885 240.50369
1921.93869 244.56413
1922.86853 248.62456
1923.79836 252.685
1924.7282 256.74543
1925.65804 253.60003
1926.58788 244.97161
1927.51772 236.34318
1928.44756 227.71476
1929.3774 219.08634
1930.30724 218.02565
1931.23708 221.17938
1932.16692 224.3331
1933.09676 227.48682
1934.0266 230.64055
1934.95644 232.09337
1935.88628 232.90902
1936.81612 233.72466
1937.74596 234.54031
1938.6758 235.35596
1939.60564 242.46797
1940.53548 250.93032
1941.46532 259.39268
1942.39516 267.85503
1943.32499 276.31739
1944.25483 269.01528
1945.18467 260.32997
1946.11451 251.64466
1947.04435 242.95934
1947.97419 234.52664
1948.90403 235.5507
1949.83387 236.57475
1950.76371 237.5988
1951.69355 238.62285
1952.62339 240.2067
1953.55323 245.133
1954.48307 250.05931
1955.41291 254.98561
1956.34275 259.91191
1957.27259 261.24176
1958.20243 252.92863
1959.13227 244.61549
1960.06211 236.30236
1960.99195 227.98922
1961.92179 223.04113
1962.85163 223.14399
1963.78146 223.24685
1964.7113 223.34971
1965.64114 223.45257
1966.57098 221.05575
1967.50082 216.52004
1968.43066 211.98434
1969.3605 207.44864
1970.29034 202.91294
1971.22018 204.19699
1972.15002 208.11428
1973.07986 212.03156
1974.0097 215.94884
1974.93954 219.86613
1975.86938 212.96601
1976.79922 203.97756
1977.72906 194.98911
1978.6589 186.00066
1979.58874 177.01221
1980.51858 183.10089
1981.44842 189.21008
1982.37826 195.31927
1983.30809 201.42846
1984.23793 206.92211
1985.16777 209.40726
1986.09761 211.89241
1987.02745 214.37756
1987.95729 216.86271
1988.88713 214.88873
1989.81697 204.30374
1990.74681 193.71875
1991.67665 183.13376
1992.60649 172.54877
1993.53633 168.53359
1994.46617 170.50976
1995.39601 172.48592
1996.32585 174.46209
1997.25569 176.43826
1998.18553 171.70264
1999.11537 164.30145
2000.04521 156.90026
2000.97505 149.49907
2001.90489 142.09788
2002.83473 149.74081
2003.76456 158.70583
2004.6944 167.67085
2005.62424 176.63587
2006.55408 183.1401
2007.48392 172.06585
2008.41376 160.99161
2009.3436 149.91736
2010.27344 138.84312
2011.20328 134.42161
2012.13312 143.09315
2013.06296 151.76468
2013.9928 160.43622
2014.92264 169.10776
2015.85248 170.11442
2016.78232 164.87884
2017.71216 159.64326
2018.642 154.40767
2019.57184 149.17209
2020.50168 154.84208
2021.43152 163.65771
2022.36136 172.47335
2023.29119 181.28898
2024.22103 189.82525
2025.15087 175.09928
2026.08071 160.37332
2027.01055 145.64735
2027.94039 130.92138
2028.87023 121.90229
2029.80007 129.26527
2030.72991 136.62826
2031.65975 143.99124
2032.58959 151.35422
2033.51943 153.88231
2034.44927 151.66841
2035.37911 149.4545
2036.30895 147.2406
2037.23879 145.0267
2038.16863 146.26755
2039.09847 148.58688
2040.02831 150.90621
2040.95815 153.22553
2041.88799 155.52868
2042.81783 157.01134
2043.74766 158.494
2044.6775 159.97666
2045.60734 161.45932
2046.53718 163.25769
2047.46702 165.79945
2048.39686 168.34121
2049.3267 170.88298
2050.25654 173.42474
2051.18638 168.69538
2052.11622 158.63471
2053.04606 148.57403
2053.9759 138.51335
2054.90574 128.45268
2055.83558 130.3604
2056.76542 134.28789
2057.69526 138.21539
2058.6251 142.14288
2059.55494 146.41155
2060.48478 152.68836
2061.41462 158.96516
2062.34446 165.24197
2063.27429 171.51878
2064.20413 170.82057
2065.13397 161.43665
2066.06381 152.05273
2066.99365 142.66881
2067.92349 133.2849
2068.85333 133.58134
2069.78317 136.99352
2070.71301 140.4057
2071.64285 143.81787
2072.57269 147.20896
2073.50253 150.30836
2074.43237 153.40775
2075.36221 156.50714
2076.29205 159.60654
2077.22189 158.08211
2078.15173 149.29771
2079.08157 140.51331
2080.01141 131.72891
2080.94125 122.94451
2081.87109 120.57731
2082.80093 120.68444
2083.73076 120.79156
2084.6606 120.89869
2085.59044 121.44851
2086.52028 129.71594
2087.45012 137.98338
2088.37996 146.25081
2089.3098 154.51825
2090.23964 159.37168
2091.16948 159.04881
2092.09932 158.72593
2093.02916 158.40305
2093.959 158.08018
2094.88884 155.49229
2095.81868 152.15614
2096.74852 148.81999
2097.67836 145.48383
2098.6082 143.38854
2099.53804 151.80221
2100.46788 160.21587
2101.39772 168.62954
2102.32756 177.0432
2103.25739 176.6804
2104.18723 166.43227
2105.11707 156.18415
2106.04691 145.93602
2106.97675 135.68789
2107.90659 135.08376
2108.83643 136.38121
2109.76627 137.67866
2110.69611 138.97611
2111.62595 141.16531
2112.55579 146.6922
2113.48563 152.21909
2114.41547 157.74598
2115.34531 163.27287
2116.27515 165.95398
2117.20499 166.71436
2118.13483 167.47474
2119.06467 168.23512
2119.99451 168.99551
2120.92435 168.35209
2121.85419 167.70034
2122.78403 167.04858
2123.71386 166.39682
2124.6437 166
2125.57354 166
2126.50338 166
2127.43322 166
2128.36306 166
2129.2929 166.52193
2130.22274 167.1752
2131.15258 167.82847
2132.08242 168.48174
2133.01226 168.43615
2133.9421 165.70775
2134.87194 162.97935
2135.80178 160.25094
2136.73162 157.52254
2137.66146 163.61308
2138.5913 174.98994
2139.52114 186.3668
2140.45098 197.74366
2141.38082 208.20695
2142.31066 202.83405
2143.24049 197.46116
2144.17033 192.08827
2145.10017 186.71537
2146.03001 181.39672
2146.95985 176.13347
2147.88969 170.87023
2148.81953 165.60699
2149.74937 160.34374
2150.67921 153.03055
2151.60905 145.57411
2152.53889 138.11767
2153.46873 130.66124
2154.39857 127.36289
2155.32841 130.99852
2156.25825 134.63415
2157.18809 138.26978
2158.11793 141.9054
2159.04777 146.46256
2159.97761 151.19989
2160.90745 155.93723
2161.83729 160.67456
2162.76713 165.38233
2163.69696 170.02049
2164.6268 174.65864
2165.55664 179.2968
2166.48648 183.93495
2167.41632 179.12976
2168.34616 171.50975
2169.276 163.88974
2170.20584 156.26974
2171.13568 149.47866
2172.06552 145.27244
2172.99536 141.06622
2173.9252 136.86001
2174.85504 132.65379
2175.78488 137.92646
2176.71472 146.78208
2177.64456 155.63769
2178.5744 164.49331
2179.50424 170.61754
2180.43408 166.39089
2181.36392 162.16425
2182.29376 157.93761
2183.2236 153.71096
2184.15343 154.00424
2185.08327 156.11252
2186.01311 158.2208
2186.94295 160.32908
2187.87279 160.49671
2188.80263 153.25011
2189.73247 146.00351
2190.66231 138.7569
2191.59215 131.5103
2192.52199 136.67023
2193.45183 146.59321
2194.38167 156.5162
2195.31151 166.43918
2196.24135 172.11104
2197.17119 164.17592
2198.10103 156.2408
2199.03087 148.30568
2199.96071 140.37056
2200.89055 141.48935
2201.82039 145.40075
2202.75023 149.31215
2203.68006 153.22354
2204.6099 157.39782
2205.53974 162.21517
2206.46958 167.03253
2207.39942 171.84989
2208.32926 176.66724
2209.2591 173.87733
2210.18894 169.49755
2211.11878 165.11776
2212.04862 160.73798
2212.97846 153.79044
2213.9083 142.56076
2214.83814 131.33109
2215.76798 120.10141
2216.69782 108.87174
2217.62766 118.27968
2218.5575 129.42452
2219.48734 140.56935
2220.41718 151.71419
2221.34702 157.12018
2222.27686 156.33028
2223.2067 155.54039
2224.13653 154.7505
2225.06637 153.97186
2225.99621 153.40762
2226.92605 152.84339
2227.85589 152.27915
2228.78573 151.71491
2229.71557 153.32082
2230.64541 156.26184
2231.57525 159.20287
2232.50509 162.1439
2233.43493 164.81496
2234.36477 166.39859
2235.29461 167.98222
2236.22445 169.56585
2237.15429 171.14948
2238.08413 162.05209
2239.01397 149.91852
2239.94381 137.78496
2240.87365 125.65139
2241.80349 120.43547
2242.73333 127.02847
2243.66316 133.62146
2244.593 140.21446
2245.52284 146.80745
2246.45268 149.31746
2247.38252 151.70464
2248.31236 154.09181
2249.2422 156.47899
2250.17204 154.02675
2251.10188 147.95775
2252.03172 141.88875
2252.96156 135.81975
2253.8914 131.11786
2254.82124 131.69042
2255.75108 132.26298
2256.68092 132.83554
2257.61076 133.4081
2258.5406 130.31987
2259.47044 126.53173
2260.40028 122.74358
2261.33012 118.95544
2262.25996 115.55244
2263.1898 112.56039
2264.11963 109.56833
2265.04947 106.57627
2265.97931 105.02353
2266.90915 112.38896
2267.83899 119.75439
2268.76883 127.11982
2269.69867 134.48525
2270.62851 138.1077
2271.55835 140.76109
2272.48819 143.41448
2273.41803 146.06786
2274.34787 140.10102
2275.27771 124.02544
2276.20755 107.94986
2277.13739 91.87427
2278.06723 79.99538
2278.99707 94.56713
2279.92691 109.13888
2280.85675 123.71063
2281.78659 138.28238
2282.71643 131.28531
2283.64626 119.34348
2284.5761 107.40165
2285.50594 95.45982
2286.43578 92.34581
2287.36562 98.02687
2288.29546 103.70794
2289.2253 109.389
2290.15514 112.57697
2291.08498 105.02203
2292.01482 97.46708
2292.94466 89.91214
2293.8745 82.35719
2294.80434 85.32212
2295.73418 89.63341
2296.66402 93.9447
2297.59386 98.25598
2298.5237 97.50212
2299.45354 93.30735
2300.38338 89.11259
2301.31322 84.91782
2302.24306 84.91597
2303.1729 94.49496
2304.10273 104.07395
2305.03257 113.65294
2305.96241 122.94909
2306.89225 120.84644
2307.82209 118.74379
2308.75193 116.64113
2309.68177 114.53848
2310.61161 112.78036
2311.54145 111.14084
2312.47129 109.50133
2313.40113 107.86181
2314.33097 104.15992
2315.26081 98.17262
2316.19065 92.18532
2317.12049 86.19802
2318.05033 81.65169
2318.98017 82.35611
2319.91001 83.06054
2320.83985 83.76496
2321.76969 84.46938
2322.69953 90.46718
2323.62936 96.7055
2324.5592 102.94383
2325.48904 109.18215
2326.41888 108.66472
2327.34872 105.36908
2328.27856 102.07345
2329.2084 98.77782
2330.13824 96.51088
2331.06808 95.44885
2331.99792 94.38683
2332.92776 93.3248
2333.8576 90.254
2334.78744 80.19899
2335.71728 70.14399
2336.64712 60.08898
2337.57696 50.03398
2338.5068 54.00872
2339.43664 58.03103
2340.36648 62.05334
2341.29632 66.07564
2342.22616 67.45674
2343.156 68.04977
2344.08583 68.64279
2345.01567 69.23582
2345.94551 72.26914
2346.87535 77.26291
2347.80519 82.25667
2348.73503 87.25044
2349.66487 89.08791
2350.59471 85.04503
2351.52455 81.00214
2352.45439 76.95926
2353.38423 73.4485
2354.31407 73.09178
2355.24391 72.73505
2356.17375 72.37833
2357.10359 72.0216
2358.03343 74.13324
2358.96327 76.404
2359.89311 78.67476
2360.82295 80.94551
2361.75279 80.68909
2362.68263 79.6162
2363.61246 78.54331
2364.5423 77.47042
2365.47214 77.67285
2366.40198 78.87106
2367.33182 80.06928
2368.26166 81.2675
2369.1915 82.32602
2370.12134 83.16481
2371.05118 84.0036
2371.98102 84.8424
2372.91086 84.69761
2373.8407 80.98315
2374.77054 77.26868
2375.70038 73.55421
2376.63022 70.23905
2377.56006 75.77969
2378.4899 81.32033
2379.41974 86.86097
2380.34958 92.40161
2381.27942 75.53342
2382.20926 55.95203
2383.1391 36.37065
2384.06893 16.78926
2384.99877 23.84017
2385.92861 40.74723
2386.85845 57.65428
2387.78829 74.56133
2388.71813 82.92394
2389.64797 85.33905
2390.57781 87.75415
2391.50765 90.16926
2392.43749 90.41564
2393.36733 88.00053
2394.29717 85.58543
2395.22701 83.17032
2396.15685 82.17384
2397.08669 84.3589
2398.01653 86.54396
2398.94637 88.72902
2399.87621 91.53246
2400.80605 96.98074
2401.73589 102.42902
2402.66573 107.8773
2403.59557 112.52727
2404.5254 104.61654
2405.45524 96.70581
2406.38508 88.79508
2407.31492 80.88435
2408.24476 81.77047
2409.1746 83.10582
2410.10444 84.44117
2411.03428 85.77652
2411.96412 93.41688
2412.89396 102.32456
2413.8238 111.23224
2414.75364 120.13991
2415.68348 104.02323
2416.61332 78.8865
2417.54316 53.74976
2418.473 28.61303
2419.40284 29.17097
2420.33268 44.34204
2421.26252 59.51311
2422.19236 74.68417
2423.1222 80.82615
2424.05203 79.60262
2424.98187 78.37908
2425.91171 77.15554
2426.84155 79.23335
2427.77139 85.12136
2428.70123 91.00937
2429.63107 96.89738
2430.56091 101.07136
2431.49075 102.54341
2432.42059 104.01545
2433.35043 105.48749
2434.28027 106.30802
2435.21011 105.69305
2436.13995 105.07808
2437.06979 104.4631
2437.99963 104.18273
2438.92947 104.92265
2439.85931 105.66258
2440.78915 106.4025
2441.71899 105.31463
2442.64883 96.55908
2443.57867 87.80353
2444.5085 79.04798
2445.43834 71.34692
2446.36818 70.23704
2447.29802 69.12715
2448.22786 68.01726
2449.1577 66.56543
2450.08754 61.35833
2451.01738 56.15122
2451.94722 50.94412
2452.87706 46.22481
2453.8069 50.67617
2454.73674 55.12753
2455.66658 59.57889
2456.59642 63.97128
2457.52626 59.74474
2458.4561 55.51819
2459.38594 51.29165
2460.31578 47.06511
2461.24562 59.60671
2462.17546 72.41065
2463.1053 85.21459
2464.03513 98.01853
2464.96497 78.76012
2465.89481 58.24896
2466.82465 37.73779
2467.75449 17.22663
2468.68433 29.16084
2469.61417 43.1588
2470.54401 57.15676
2471.47385 71.15473
2472.40369 70.5946
2473.33353 69.09888
2474.26337 67.60316
2475.19321 66.10744
2476.12305 61.46376
2477.05289 56.57646
2477.98273 51.68917
2478.91257 46.80187
2479.84241 48.02441
2480.77225 49.64917
2481.70209 51.27393
2482.63193 52.8987
2483.56177 65.37106
2484.4916 78.56473
2485.42144 91.7584
2486.35128 104.95207
2487.28112 97.43125
2488.21096 89.01289
2489.1408 80.59453
2490.07064 72.17617
2491.00048 64.00319
2491.93032 55.83546
2492.86016 47.66773
2493.79 39.5
