150 3587.74
150.92037 3615.54432
151.84074 3656.44731
152.7611 3705.38764
153.68147 3759.57324
154.60184 3816.46523
155.52221 3873.53196
156.44258 3928.24213
157.36295 3978.05038
158.28331 4020.41073
159.20368 4052.83094
160.12405 4073.06736
161.04442 4079.7973
161.96479 4073.31791
162.88515 4056.09275
163.80552 4031.39176
164.72589 4001.80963
165.64626 3969.93524
166.56663 3938.35635
167.48699 3909.66559
168.40736 3886.40944
169.32773 3870.82319
170.2481 3864.2881
171.16847 3866.91336
172.08884 3877.93582
173.0092 3896.40356
173.92957 3921.7597
174.84994 3952.45347
175.77031 3987.41796
176.69068 4025.68374
177.61104 4066.25367
178.53141 4108.17092
179.45178 4150.52191
180.37215 4192.42343
181.29252 4233.02245
182.21289 4271.4851
183.13325 4306.96655
184.05362 4338.62307
184.97399 4365.4518
185.89436 4386.28833
186.81473 4400.66091
187.73509 4408.19016
188.65546 4409.43496
189.57583 4405.69623
190.4962 4398.57986
191.41657 4389.76934
192.33693 4380.95182
193.2573 4373.81202
194.17767 4370.04772
195.09804 4371.32451
196.01841 4379.23342
196.93878 4395.40429
197.85914 4418.76619
198.77951 4447.41894
199.69988 4479.38473
200.62025 4512.66184
201.54062 4545.25398
202.46098 4575.14861
203.38135 4600.34407
204.30172 4618.88564
205.22209 4629.09297
206.14246 4630.22001
207.06283 4623.18411
207.98319 4610.05966
208.90356 4593.4294
209.82393 4576.2066
210.7443 4560.87215
211.66467 4549.90059
212.58503 4545.74796
213.5054 4550.80437
214.42577 4566.89277
215.34614 4594.44441
216.26651 4632.23026
217.18687 4678.02165
218.10724 4729.35484
219.02761 4783.73424
219.94798 4838.54216
220.86835 4890.92739
221.78872 4938.41154
222.70908 4978.6137
223.62945 5009.85792
224.54982 5031.86248
225.47019 5045.50704
226.39056 5052.19072
227.31092 5053.42395
228.23129 5050.7349
229.15166 5045.63511
230.07203 5039.65223
230.9924 5034.3141
231.91277 5031.4313
232.83313 5032.05145
233.7535 5036.63045
234.67387 5045.30062
235.59424 5058.10576
236.51461 5075.06603
237.43497 5096.19663
238.35534 5121.51636
239.27571 5151.04253
240.19608 5184.77294
241.11645 5222.62941
242.03681 5264.24257
242.95718 5308.80679
243.87755 5355.00327
244.79792 5401.50279
245.71829 5447.11002
246.63866 5490.63639
247.55902 5530.88899
248.47939 5566.6729
249.39976 5596.89711
250.32013 5620.8911
251.2405 5638.83339
252.16086 5651.88251
253.08123 5661.63647
254.0016 5669.75447
254.92197 5678.0746
255.84234 5688.4416
256.76271 5702.49904
257.68307 5721.91139
258.60344 5748.1222
259.52381 5781.78333
260.44418 5822.42827
261.36455 5868.7634
262.28491 5919.18568
263.20528 5972.06285
264.12565 6025.76871
265.04602 6078.65307
265.96639 6128.91437
266.88675 6174.64436
267.80712 6214.70607
268.72749 6248.8896
269.64786 6278.06521
270.56823 6303.57301
271.4886 6326.8857
272.40896 6349.49504
273.32933 6372.88292
274.2497 6398.52575
275.17007 6427.9034
276.09044 6462.40371
277.0108 6503.0208
277.93117 6549.94117
278.85154 6601.21291
279.77191 6655.09034
280.69228 6709.86509
281.61265 6763.8308
282.53301 6815.29328
283.45338 6862.55379
284.37375 6903.93735
285.29412 6938.00294
286.21449 6963.97275
287.13485 6982.08511
288.05522 6993.27587
288.97559 6998.54038
289.89596 6999.00255
290.81633 6996.17469
291.73669 6991.1835
292.65706 6985.16197
293.57743 6979.23261
294.4978 6974.49431
295.41817 6971.98529
296.33854 6972.6755
297.2589 6977.50887
298.17927 6987.43543
299.09964 7003.38011
300.02001 7026.29387
300.94038 7057.75206
301.86074 7098.43742
302.78111 7148.84629
303.70148 7208.7383
304.62185 7276.5563
305.54222 7350.02685
306.46259 7426.6298
307.38295 7503.80788
308.30332 7579.00836
309.22369 7649.67616
310.14406 7713.26736
311.06443 7767.30006
311.98479 7809.44371
312.90516 7838.42631
313.82553 7856.48069
314.7459 7865.35375
315.66627 7866.87691
316.58663 7862.86861
317.507 7855.14532
318.42737 7845.53037
319.34774 7835.83302
320.26811 7827.73462
321.18848 7822.5252
322.10884 7820.81136
323.02921 7822.63381
323.94958 7828.11
324.86995 7837.02248
325.79032 7849.13733
326.71068 7864.34748
327.63105 7882.54637
328.55142 7903.61092
329.47179 7927.34096
330.39216 7953.37137
331.31253 7981.17578
332.23289 8010.14888
333.15326 8039.66202
334.07363 8069.0965
334.994 8097.80279
335.91437 8124.98208
336.83473 8150.07286
337.7551 8172.53408
338.67547 8192.09555
339.59584 8208.90267
340.51621 8223.32016
341.43657 8235.79282
342.35694 8246.77065
343.27731 8256.6958
344.19768 8266.02493
345.11805 8275.20998
346.03842 8284.67257
346.95878 8294.79662
347.87915 8305.49212
348.79952 8316.28636
349.71989 8326.66675
350.64026 8336.07731
351.56062 8343.98287
352.48099 8349.84382
353.40136 8353.11218
354.32173 8353.2689
355.2421 8349.93374
356.16246 8343.09361
357.08283 8333.35713
358.0032 8321.76733
358.92357 8309.49882
359.84394 8297.84639
360.76431 8287.95415
361.68467 8280.94323
362.60504 8277.93849
363.52541 8279.96654
364.44578 8287.62139
365.36615 8300.76867
366.28651 8318.62669
367.20688 8340.13826
368.12725 8364.20612
369.04762 8389.72714
369.96799 8415.57108
370.88836 8440.46448
371.80872 8463.3099
372.72909 8483.22343
373.64946 8499.90783
374.56983 8513.59257
375.4902 8524.79275
376.41056 8534.09382
377.33093 8542.08746
378.2513 8549.36999
379.17167 8556.5191
380.09204 8564.13331
381.0124 8572.78918
381.93277 8583.11571
382.85314 8595.31916
383.77351 8609.52692
384.69388 8625.86347
385.61425 8644.45673
386.53461 8665.43073
387.45498 8688.90726
388.37535 8715.00434
389.29572 8743.81248
390.21609 8775.28987
391.13645 8809.08122
392.05682 8844.48257
392.97719 8880.64383
393.89756 8916.58968
394.81793 8951.4095
395.7383 8984.24323
396.65866 9014.23083
397.57903 9040.53542
398.4994 9062.53214
399.41977 9080.10222
400.34014 9093.71986
401.2605 9104.23613
402.18087 9112.59261
403.10124 9119.74525
404.02161 9126.63086
404.94198 9134.33435
405.86234 9143.88325
406.78271 9156.10796
407.70308 9171.4672
408.62345 9189.81984
409.54382 9210.66023
410.46419 9233.3778
411.38455 9257.34451
412.30492 9281.92106
413.22529 9306.47035
414.14566 9330.36213
415.06603 9352.97758
415.98639 9373.71347
416.90676 9391.98297
417.82713 9407.71753
418.7475 9420.76356
419.66787 9430.93546
420.58824 9438.06647
421.5086 9441.98151
422.42897 9442.51078
423.34934 9439.5189
424.26971 9433.0018
425.19008 9423.28661
426.11044 9411.1742
427.03081 9397.70244
427.95118 9384.03497
428.87155 9371.40465
429.79192 9360.91516
430.71228 9353.65537
431.63265 9350.69469
432.55302 9352.92723
433.47339 9360.66658
434.39376 9373.49932
435.31413 9390.53517
436.23449 9410.73785
437.15486 9433.0404
438.07523 9456.39784
438.9956 9479.73837
439.91597 9501.78739
440.83633 9521.55538
441.7567 9538.37824
442.67707 9552.12868
443.59744 9563.00273
444.51781 9571.30818
445.43818 9577.37671
446.35854 9581.53961
447.27891 9584.12415
448.19928 9585.45761
449.11965 9585.86607
450.04002 9585.66519
450.96038 9585.09456
451.88075 9584.38301
452.80112 9583.73723
453.72149 9583.31862
454.64186 9583.31912
455.56222 9583.91411
456.48259 9585.27588
457.40296 9587.59962
458.32333 9591.14695
459.2437 9596.32067
460.16407 9603.70863
461.08443 9613.99242
462.0048 9627.88729
462.92517 9646.53395
463.84554 9670.36375
464.76591 9700.04425
465.68627 9736.24745
466.60664 9779.30948
467.52701 9828.63827
468.44738 9882.61854
469.36775 9939.03297
470.28812 9995.49251
471.20848 10049.58655
472.12885 10098.91
473.04922 10141.05924
473.96959 10173.2077
474.88996 10192.73659
475.81032 10199.83333
476.73069 10196.45894
477.65106 10185.6526
478.57143 10170.74429
479.4918 10155.10076
480.41216 10142.09436
481.33253 10135.09773
482.2529 10137.42943
483.17327 10152.04625
484.09364 10180.60777
485.01401 10222.02109
485.93437 10273.35002
486.85474 10329.61082
487.77511 10386.68433
488.69548 10440.60522
489.61585 10487.39581
490.53621 10523.12914
491.45658 10544.28885
492.37695 10548.97443
493.29732 10538.00626
494.21769 10514.66619
495.13806 10483.19282
496.05842 10447.92737
496.97879 10413.38595
497.89916 10384.73403
498.81953 10366.26844
499.7399 10362.06872
500.66026 10374.70137
501.58063 10403.74499
502.501 10446.58324
503.42137 10499.66515
504.34174 10559.2495
505.2621 10621.59663
506.18247 10682.96011
507.10284 10739.59898
508.02321 10787.86818
508.94358 10823.88218
509.86395 10847.52449
510.78431 10860.87647
511.70468 10866.24142
512.62505 10866.00864
513.54542 10862.58108
514.46579 10858.34986
515.38615 10855.7088
516.30652 10856.9312
517.22689 10863.73185
518.14726 10876.60412
519.06763 10894.44731
519.988 10915.50533
520.90836 10937.71697
521.82873 10958.92453
522.7491 10977.2402
523.66947 10990.76308
524.58984 10997.69657
525.5102 10996.84633
526.43057 10988.36255
527.35094 10973.75228
528.27131 10955.23292
529.19168 10935.17345
530.11204 10915.96801
531.03241 10899.99221
531.95278 10890.11666
532.87315 10888.88529
533.79352 10897.6912
534.71389 10916.17237
535.63425 10942.19136
536.55462 10972.84958
537.47499 11005.0684
538.39536 11035.75378
539.31573 11061.80486
540.23609 11080.13051
541.15646 11087.77122
542.07683 11082.36959
542.9972 11063.43762
543.91757 11032.84337
544.83794 10995.63573
545.7583 10955.65015
546.67867 10916.74297
547.59904 10882.76101
548.51941 10857.54784
549.43978 10844.77112
550.36014 10847.08405
551.28051 10864.821
552.20088 10895.50925
553.12125 10935.15084
554.04162 10979.41509
554.96198 11023.75843
555.88235 11063.16941
556.80272 11093.30517
557.72309 11109.99372
558.64346 11110.24934
559.56383 11094.00234
560.48419 11063.94372
561.40456 11024.16699
562.32493 10979.1093
563.2453 10933.24079
564.16567 10891.03013
565.08603 10856.91873
566.0064 10835.31317
566.92677 10831.45683
567.84714 10844.50938
568.76751 10871.44952
569.68788 10908.44487
570.60824 10951.48753
571.52861 10996.53539
572.44898 11039.55735
573.36935 11076.53106
574.28972 11103.62731
575.21008 11117.91513
576.13045 11118.50719
577.05082 11107.15213
577.97119 11086.54509
578.89156 11060.08052
579.81192 11031.37249
580.73229 11003.51783
581.65266 10979.5816
582.57303 10962.47445
583.4934 10954.28844
584.41377 10955.44842
585.33413 10964.81239
586.2545 10980.50271
587.17487 11000.49486
588.09524 11022.76619
589.01561 11045.30677
589.93597 11065.75735
590.85634 11082.0718
591.77671 11093.02061
592.69708 11098.77507
593.61745 11100.47933
594.53782 11099.64504
595.45818 11097.85989
596.37855 11096.71836
597.29892 11097.8128
598.21929 11102.71314
599.13966 11112.85767
600.06002 11129.12397
600.98039 11151.11157
601.90076 11176.95442
602.82113 11204.06361
603.7415 11230.26279
604.66186 11253.36857
605.58223 11271.19658
606.5026 11281.60266
607.42297 11282.78056
608.34334 11274.07373
609.26371 11256.62538
610.18407 11233.08604
611.10444 11206.63819
612.02481 11180.47258
612.94518 11158.31011
613.86555 11143.66924
614.78591 11139.61164
615.70628 11148.73901
616.62665 11171.60339
617.54702 11206.08924
618.46739 11248.50902
619.38776 11294.66388
620.30812 11340.28709
621.22849 11381.11418
622.14886 11412.88132
623.06923 11431.39969
623.9896 11432.72502
624.90996 11414.21313
625.83033 11380.11329
626.7507 11334.48359
627.67107 11281.59143
628.59144 11225.74128
629.5118 11171.23587
630.43217 11122.36681
631.35254 11083.26398
632.27291 11057.228
633.19328 11045.62059
634.11365 11047.29467
635.03401 11059.80585
635.95438 11080.79945
636.87475 11107.08528
637.79512 11135.69056
638.71549 11163.95233
639.63585 11189.36569
640.55622 11210.18569
641.47659 11226.15588
642.39696 11238.288
643.31733 11248.17154
644.2377 11257.51375
645.15806 11268.02395
646.07843 11281.4002
646.9988 11299.35658
647.91917 11324.17914
648.83954 11355.86968
649.7599 11392.82564
650.68027 11432.34585
651.60064 11471.37076
652.52101 11506.79546
653.44138 11535.51786
654.36174 11554.42541
655.28211 11560.49067
656.20248 11551.24926
657.12285 11525.90928
658.04322 11486.68868
658.96359 11437.67908
659.88395 11384.31158
660.80432 11331.84235
661.72469 11285.05076
662.64506 11248.6972
663.56543 11227.38024
664.48579 11224.57493
665.40616 11241.07515
666.32653 11274.72469
667.2469 11321.67479
668.16727 11377.69296
669.08764 11438.51701
670.008 11499.88468
670.92837 11556.77263
671.84874 11604.93555
672.76911 11641.49463
673.68948 11666.16031
674.60984 11680.48468
675.53021 11686.74259
676.45058 11687.35433
677.37095 11684.75137
678.29132 11681.37101
679.21168 11679.61366
680.13205 11681.68417
681.05242 11689.07289
681.97279 11701.76476
682.89316 11718.27935
683.81353 11736.57813
684.73389 11754.94916
685.65426 11771.69304
686.57463 11785.10675
687.495 11793.55969
688.41537 11795.95541
689.33573 11792.54228
690.2561 11785.25825
691.17647 11777.11176
692.09684 11771.35095
693.01721 11771.26325
693.93758 11781.06517
694.85794 11803.95073
695.77831 11842.73962
696.69868 11898.78298
697.61905 11969.80429
698.53942 12050.71667
699.45978 12135.22472
700.38015 12216.77914
701.30052 12288.81781
702.22089 12344.7692
703.14126 12378.16016
704.06162 12383.157
704.98199 12356.07977
705.90236 12300.17211
706.82273 12226.61749
707.7431 12144.85429
708.66347 12064.38284
709.58383 11994.70935
710.5042 11945.31983
711.42457 11925.32067
712.34494 11941.61794
713.26531 11995.74939
714.18567 12082.28102
715.10604 12191.79183
716.02641 12313.97618
716.94678 12437.90375
717.86715 12551.72906
718.78752 12645.11259
719.70788 12708.50041
720.62825 12736.11317
721.54862 12729.19585
722.46899 12694.19982
723.38936 12639.72728
724.30972 12574.78999
725.23009 12508.42224
726.15046 12449.65233
727.07083 12407.40268
727.9912 12390.15498
728.91156 12404.35626
729.83193 12443.80261
730.7523 12501.66095
731.67267 12570.58092
732.59304 12643.14343
733.51341 12711.91232
734.43377 12769.47867
735.35414 12808.89184
736.27451 12825.13608
737.19488 12817.26741
738.11525 12789.13634
739.03561 12746.69407
739.95598 12696.14745
740.87635 12644.81211
741.79672 12599.27711
742.71709 12565.75613
743.63745 12549.6566
744.55782 12553.51912
745.47819 12576.04152
746.39856 12613.34789
747.31893 12660.69044
748.2393 12713.22376
749.15966 12766.09521
750.08003 12814.46896
751.0004 12853.55052
751.92077 12877.75621
752.84114 12887.21677
753.7615 12883.82775
754.68187 12870.30858
755.60224 12849.51751
756.52261 12824.34479
757.44298 12797.68138
758.36335 12772.3828
759.28371 12751.0713
760.20408 12735.62
761.12445 12726.58202
762.04482 12723.46487
762.96519 12725.61854
763.88555 12732.13798
764.80592 12741.9238
765.72629 12754.13912
766.64666 12767.96614
767.56703 12782.67553
768.48739 12797.73765
769.40776 12812.80431
770.32813 12827.62776
771.2485 12841.98743
772.16887 12855.64908
773.08924 12868.38615
774.0096 12879.98545
774.92997 12890.09109
775.85034 12898.6066
776.77071 12905.44203
777.69108 12910.5392
778.61144 12913.84485
779.53181 12915.311
780.45218 12914.8739
781.37255 12912.48353
782.29292 12908.14341
783.21329 12902.02291
784.13365 12894.71741
785.05402 12887.34724
785.97439 12881.33723
786.89476 12878.34257
787.81513 12879.64025
788.73549 12886.60738
789.65586 12900.5822
790.57623 12922.60854
791.4966 12952.7985
792.41697 12990.10004
793.33733 13032.69375
794.2577 13078.51924
795.17807 13125.48123
796.09844 13171.49992
797.01881 13214.48434
797.93918 13251.8881
798.85954 13282.31236
799.77991 13305.87866
800.70028 13323.4809
801.62065 13336.32915
802.54102 13345.67602
803.46138 13352.77896
804.38175 13358.90139
805.30212 13365.2705
806.22249 13372.95159
807.14286 13382.61286
808.06323 13394.29182
808.98359 13407.71079
809.90396 13422.51282
810.82433 13438.18077
811.7447 13454.33392
812.66507 13470.60502
813.58543 13486.70485
814.5058 13502.72108
815.42617 13519.26956
816.34654 13537.369
817.26691 13558.1915
818.18727 13582.91478
819.10764 13612.73162
820.02801 13648.82006
820.94838 13692.85047
821.86875 13745.11661
822.78912 13803.79048
823.70948 13865.73328
824.62985 13927.30957
825.55022 13984.75565
826.47059 14034.29824
827.39096 14072.17377
828.31132 14094.75938
829.23169 14099.24872
830.15206 14085.10506
831.07243 14055.45962
831.9928 14015.68131
832.91317 13972.05857
833.83353 13931.37289
834.7539 13899.53804
835.67427 13882.42062
836.59464 13885.19728
837.51501 13910.37609
838.43537 13956.34694
839.35574 14018.36871
840.27611 14090.54306
841.19648 14166.8057
842.11685 14241.07775
843.03721 14307.30064
843.95758 14358.50992
844.87795 14389.85995
845.79832 14402.66353
846.71869 14401.25063
847.63906 14391.12606
848.55942 14378.03122
849.47979 14367.73247
850.40016 14365.98697
851.32053 14378.33593
852.2409 14409.15207
853.16126 14459.73267
854.08163 14526.74184
855.002 14604.22631
855.92237 14685.32915
856.84274 14762.53855
857.76311 14829.3163
858.68347 14879.22782
859.60384 14906.84571
860.52421 14910.2155
861.44458 14892.07582
862.36495 14858.42531
863.28531 14816.35933
864.20568 14773.08411
865.12605 14735.82252
866.04642 14711.77564
866.96679 14708.91329
867.88715 14732.62124
868.80752 14779.51465
869.72789 14843.61558
870.64826 14917.87744
871.56863 14995.08882
872.489 15068.01978
873.40936 15129.45268
874.32973 15172.59633
875.2501 15192.5075
876.17047 15188.26898
877.09084 15163.91483
878.0112 15125.67605
878.93157 15080.17305
879.85194 15035.24085
880.77231 14997.54469
881.69268 14973.47349
882.61305 14967.767
883.53341 14980.85054
884.45378 15008.67605
885.37415 15044.68571
886.29452 15081.66353
887.21489 15112.34972
888.13525 15129.47761
889.05562 15125.88882
889.97599 15094.26497
890.89636 15031.25961
891.81673 14944.61066
892.73709 14843.06814
893.65746 14735.94495
894.57783 14632.64285
895.4982 14542.56908
896.41857 14474.98858
897.33894 14437.91779
898.2593 14435.33634
899.17967 14464.50741
900.10004 14517.14487
901.02041 14583.21367
901.94078 14651.92836
902.86114 14711.67853
903.78151 14752.26689
904.70188 14764.48201
905.62225 14743.33481
906.54262 14691.09876
907.46299 14615.2244
908.38335 14525.18993
909.30372 14430.83029
910.22409 14342.01028
911.14446 14268.53381
912.06483 14219.8049
912.98519 14203.68925
913.90556 14221.85819
914.82593 14264.45707
915.7463 14322.84543
916.66667 14388.20667
917.58703 14451.71611
918.5074 14504.56271
919.42777 14538.42813
920.34814 14547.25054
921.26851 14529.63201
922.18888 14489.4388
923.10924 14433.00361
924.02961 14367.07102
924.94998 14298.72449
925.87035 14235.7654
926.79072 14184.85017
927.71108 14150.84152
928.63145 14134.34513
929.55182 14132.13207
930.47219 14139.16601
931.39256 14149.96601
932.31293 14159.01857
933.23329 14160.81967
934.15366 14150.05831
935.07403 14122.40036
935.9944 14076.52922
936.91477 14015.63761
937.83513 13947.53032
938.7555 13878.45423
939.67587 13814.67827
940.59624 13762.46799
941.51661 13727.88579
942.43697 13715.57471
943.35734 13726.64064
944.27771 13757.95295
945.19808 13803.80981
946.11845 13857.87055
947.03882 13913.75029
947.95918 13964.49939
948.87955 14002.84681
949.79992 14023.86839
950.72029 14026.06047
951.64066 14011.96028
952.56102 13985.97547
953.48139 13953.01527
954.40176 13918.05013
955.32213 13886.05123
956.2425 13861.83547
957.16287 13849.37603
958.08323 13850.17294
959.0036 13861.50504
959.92397 13878.12689
960.84434 13893.38936
961.76471 13901.65471
962.68507 13897.29914
963.60544 13874.86762
964.52581 13830.30528
965.44618 13763.42589
966.36655 13678.57758
967.28691 13582.9819
968.20728 13484.66084
969.12765 13391.69607
970.04802 13312.15953
970.96839 13255.22556
971.88876 13229.26471
972.80912 13234.6587
973.72949 13267.15464
974.64986 13320.10653
975.57023 13386.2879
976.4906 13458.38996
977.41096 13529.11081
978.33133 13591.32475
979.2517 13638.91129
980.17207 13668.4335
981.09244 13680.48798
982.01281 13678.01357
982.93317 13663.89512
983.85354 13642.70935
984.77391 13618.08357
985.69428 13593.43916
986.61465 13571.87999
987.53501 13555.66485
988.45538 13546.17137
989.37575 13544.28397
990.29612 13550.74896
991.21649 13566.29587
992.13685 13591.66785
993.05722 13627.57325
993.97759 13674.75132
994.89796 13732.94735
995.81833 13799.38884
996.7387 13871.69222
997.65906 13947.40068
998.57943 14024.05984
999.4998 14099.21894
1000.42017 14170.46084
1001.34054 14235.53869
1002.2609 14292.59363
1003.18127 14340.239
1004.10164 14377.30984
1005.02201 14402.68731
1005.94238 14414.28395
1006.86275 14411.37784
1007.78311 14393.35224
1008.70348 14360.23301
1009.62385 14314.3102
1010.54422 14259.63313
1011.46459 14201.02098
1012.38495 14143.4667
1013.30532 14091.97073
1014.22569 14051.49968
1015.14606 14026.69737
1016.06643 14020.84392
1016.98679 14033.92235
1017.90716 14062.28648
1018.82753 14099.2229
1019.7479 14139.48933
1020.66827 14177.84843
1021.58864 14209.09325
1022.509 14228.58533
1023.42937 14233.7798
1024.34974 14225.45857
1025.27011 14207.21437
1026.19048 14183.68619
1027.11084 14159.66027
1028.03121 14139.91603
1028.95158 14130.06809
1029.87195 14134.88633
1030.79232 14156.19893
1031.71269 14192.90964
1032.63305 14242.29507
1033.55342 14301.17178
1034.47379 14366.27563
1035.39416 14434.33387
1036.31453 14502.1461
1037.23489 14566.90824
1038.15526 14626.89938
1039.07563 14682.18345
1039.996 14733.94495
1040.91637 14783.60798
1041.83673 14832.92714
1042.7571 14883.36365
1043.67747 14936.52787
1044.59784 14995.25022
1045.51821 15065.35286
1046.43858 15155.61251
1047.35894 15276.39795
1048.27931 15438.47271
1049.19968 15652.62727
1050.12005 15929.60327
1051.04042 16279.74543
1051.96078 16714.59176
1052.88115 17231.84348
1053.80152 17816.31522
1054.72189 18454.72204
1055.64226 19133.49795
1056.56263 19839.03837
1057.48299 20557.70578
1058.40336 21275.34176
1059.32373 21975.95516
1060.2441 22640.51363
1061.16447 23247.23533
1062.08483 23773.337
1063.0052 24195.9474
1063.92557 24478.56485
1064.84594 24606.62936
1065.76631 24562.86857
1066.68667 24345.52629
1067.60704 23973.78208
1068.52741 23478.09781
1069.44778 22892.39736
1070.36815 22251.0517
1071.28852 21588.4158
1072.20888 20938.09705
1073.12925 20329.94456
1074.04962 19783.29657
1074.96999 19303.75715
1075.89036 18887.80697
1076.81072 18526.24333
1077.73109 18213.6879
1078.65146 17944.79226
1079.57183 17714.26492
1080.4922 17517.18089
1081.41257 17349.25991
1082.33293 17206.80157
1083.2533 17086.37325
1084.17367 16984.57457
1085.09404 16898.01098
1086.01441 16823.28725
1086.93477 16757.30606
1087.85514 16695.48941
1088.77551 16633.68796
1089.69588 16567.68954
1090.61625 16493.26241
1091.53661 16406.148
1092.45698 16302.11306
1093.37735 16177.17511
1094.29772 16028.75491
1095.21809 15857.80877
1096.13846 15670.15669
1097.05882 15474.39529
1097.97919 15279.99513
1098.89956 15097.90995
1099.81993 14937.22277
1100.7403 14806.57211
1101.66066 14711.43652
1102.58103 14651.00031
1103.5014 14619.69204
1104.42177 14609.9298
1105.34214 14613.72085
1106.26251 14623.0563
1107.18287 14630.1021
1108.10324 14628.07861
1109.02361 14614.18948
1109.94398 14594.67768
1110.86435 14583.02277
1111.78471 14592.24829
1112.70508 14635.24341
1113.62545 14724.87622
1114.54582 14873.63278
1115.46619 15091.67816
1116.38655 15383.88731
1117.30692 15749.45651
1118.22729 16184.5024
1119.14766 16684.44654
1120.06803 17244.66075
1120.9884 17861.20617
1121.90876 18531.43224
1122.82913 19240.46728
1123.7495 19968.60493
1124.66987 20690.74289
1125.59024 21380.13785
1126.5106 22009.73225
1127.43097 22552.48478
1128.35134 22981.98815
1129.27171 23275.51235
1130.19208 23420.07034
1131.11244 23417.15934
1132.03281 23276.91127
1132.95318 23005.15417
1133.87355 22617.87889
1134.79392 22132.07969
1135.71429 21560.27429
1136.63465 20917.01119
1137.55502 20220.74068
1138.47539 19492.82974
1139.39576 18755.87403
1140.31613 18032.71932
1141.23649 17346.20319
1142.15686 16718.76824
1143.07723 16170.64197
1143.9976 15714.24061
1144.91797 15352.38069
1145.83834 15062.98225
1146.7587 14831.79432
1147.67907 14644.49351
1148.59944 14486.79017
1149.51981 14345.06095
1150.44018 14208.72882
1151.36054 14072.94054
1152.28091 13938.3375
1153.20128 13808.02531
1154.12165 13685.51874
1155.04202 13574.36244
1155.96238 13478.91106
1156.88275 13402.88024
1157.80312 13346.82337
1158.72349 13309.76783
1159.64386 13289.70335
1160.56423 13284.36854
1161.48459 13291.45308
1162.40496 13308.65182
1163.32533 13333.72587
1164.2457 13364.683
1165.16607 13400.0515
1166.08643 13438.92203
1167.0068 13480.59469
1167.92717 13524.52387
1168.84754 13569.81758
1169.76791 13615.7584
1170.68828 13661.1712
1171.60864 13703.44291
1172.52901 13738.31673
1173.44938 13760.60329
1174.36975 13764.83849
1175.29012 13745.54057
1176.21048 13697.29613
1177.13085 13615.2712
1178.05122 13497.15906
1178.97159 13346.38435
1179.89196 13174.47918
1180.81232 12995.80039
1181.73269 12822.77255
1182.65306 12667.81796
1183.57343 12542.95645
1184.4938 12457.35564
1185.41417 12413.13149
1186.33453 12404.54527
1187.2549 12421.23569
1188.17527 12451.70014
1189.09564 12484.38129
1190.01601 12507.76409
1190.93637 12508.57401
1191.85674 12481.05145
1192.77711 12428.84973
1193.69748 12359.73647
1194.61785 12282.71196
1195.53822 12206.98966
1196.45858 12141.76203
1197.37895 12095.66228
1198.29932 12074.80544
1199.21969 12079.97181
1200.14006 12105.66129
1201.06042 12143.47525
1201.98079 12184.37641
1202.90116 12218.01422
1203.82153 12235.39525
1204.7419 12229.39079
1205.66226 12198.33229
1206.58263 12147.01123
1207.503 12083.68061
1208.42337 12017.61677
1209.34374 11958.211
1210.26411 11914.76786
1211.18447 11895.75627
1212.10484 11906.50828
1213.02521 11945.34277
1213.94558 12004.58687
1214.86595 12071.97086
1215.78631 12136.57963
1216.70668 12188.0915
1217.62705 12216.68754
1218.54742 12215.67233
1219.46779 12185.23955
1220.38816 12132.13367
1221.30852 12066.45819
1222.22889 11999.07029
1223.14926 11940.8463
1224.06963 11902.51987
1224.99 11894.19054
1225.91036 11922.53978
1226.83073 11978.63978
1227.7511 12052.66755
1228.67147 12134.17318
1229.59184 12212.61286
1230.5122 12277.53499
1231.43257 12319.64698
1232.35294 12333.71235
1233.27331 12320.96658
1234.19368 12288.23712
1235.11405 12244.34894
1236.03441 12198.32148
1236.95478 12160.117
1237.87515 12139.64306
1238.79552 12142.5984
1239.71589 12168.77387
1240.63625 12213.35495
1241.55662 12269.80011
1242.47699 12331.19366
1243.39736 12390.60227
1244.31773 12441.33819
1245.2381 12477.95571
1246.15846 12498.11471
1247.07883 12503.9626
1247.9992 12500.02343
1248.91957 12491.38526
1249.83994 12483.96091
1250.7603 12482.66719
1251.68067 12491.68571
1252.60104 12512.62892
1253.52141 12543.97151
1254.44178 12582.31184
1255.36214 12623.65343
1256.28251 12663.932
1257.20288 12699.13599
1258.12325 12725.64796
1259.04362 12741.36703
1259.96399 12747.63474
1260.88435 12749.62218
1261.80472 12753.07693
1262.72509 12763.26442
1263.64546 12785.4192
1264.56583 12824.32871
1265.48619 12882.70762
1266.40656 12959.50951
1267.32693 13050.36447
1268.2473 13149.48072
1269.16767 13250.83547
1270.08804 13348.38441
1271.0084 13436.20445
1271.92877 13507.88273
1272.84914 13563.68208
1273.76951 13607.02239
1274.68988 13642.20693
1275.61024 13673.74164
1276.53061 13706.16571
1277.45098 13744.10863
1278.37135 13792.74525
1279.29172 13858.56909
1280.21208 13949.71319
1281.13245 14075.23405
1282.05282 14244.40247
1282.97319 14468.52132
1283.89356 14760.15737
1284.81393 15125.70514
1285.73429 15576.44037
1286.65466 16125.39149
1287.57503 16786.42037
1288.4954 17573.61894
1289.41577 18501.0641
1290.33613 19581.80664
1291.2565 20821.80054
1292.17687 22205.70986
1293.09724 23682.10594
1294.01761 25173.88389
1294.93798 26584.9279
1295.85834 27824.39767
1296.77871 28810.34908
1297.69908 29468.90519
1298.61945 29763.32053
1299.53982 29709.74459
1300.46018 29358.0259
1301.38055 28769.68073
1302.30092 28007.85138
1303.22129 27135.41244
1304.14166 26212.71421
1305.06202 25290.58726
1305.98239 24398.88858
1306.90276 23551.46131
1307.82313 22751.58537
1308.7435 22004.8161
1309.66387 21316.70193
1310.58423 20692.15451
1311.5046 20133.55134
1312.42497 19639.20693
1313.34534 19204.18278
1314.26571 18822.26131
1315.18607 18487.03418
1316.10644 18192.07431
1317.02681 17930.97922
1317.94718 17698.54945
1318.86755 17486.55041
1319.78792 17287.56676
1320.70828 17095.04539
1321.62865 16902.43319
1322.54902 16703.21
1323.46939 16491.49265
1324.38976 16263.89456
1325.31012 16021.39816
1326.23049 15769.11164
1327.15086 15513.79616
1328.07123 15262.44079
1328.9916 15022.24311
1329.91196 14801.97186
1330.83233 14604.51536
1331.7527 14427.84102
1332.67307 14266.12613
1333.59344 14112.33713
1334.51381 13959.19995
1335.43417 13799.47966
1336.35454 13626.72836
1337.27491 13437.52097
1338.19528 13234.11387
1339.11565 13024.49905
1340.03601 12818.85131
1340.95638 12629.00697
1341.87675 12466.81535
1342.79712 12341.24802
1343.71749 12257.53606
1344.63786 12212.59215
1345.55822 12197.8269
1346.47859 12202.55612
1347.39896 12215.6818
1348.31933 12226.16723
1349.2397 12223.7641
1350.16006 12201.09943
1351.08043 12156.76541
1352.0008 12095.02622
1352.92117 12021.68208
1353.84154 11944.70251
1354.7619 11870.37667
1355.68227 11804.55384
1356.60264 11751.23777
1357.52301 11711.50707
1358.44338 11684.40146
1359.36375 11668.18702
1360.28411 11661.01235
1361.20448 11661.0458
1362.12485 11666.55845
1363.04522 11676.26782
1363.96559 11690.06414
1364.88595 11708.55601
1365.80632 11732.18917
1366.72669 11761.63234
1367.64706 11797.48412
1368.56743 11839.65532
1369.4878 11885.80194
1370.40816 11930.61306
1371.32853 11966.69701
1372.2489 11985.97654
1373.16927 11980.31801
1374.08964 11941.7586
1375.01 11863.42367
1375.93037 11740.48089
1376.85074 11585.01431
1377.77111 11410.21449
1378.69148 11229.33188
1379.61184 11055.69044
1380.53221 10902.23922
1381.45258 10779.29369
1382.37295 10690.57303
1383.29332 10632.04164
1384.21369 10595.00681
1385.13405 10569.62659
1386.05442 10545.99741
1386.97479 10513.82134
1387.89516 10463.74211
1388.81553 10395.80428
1389.73589 10315.59782
1390.65626 10230.77509
1391.57663 10149.42618
1392.497 10079.65252
1393.41737 10028.99863
1394.33774 10002.64052
1395.2581 10001.19358
1396.17847 10020.46358
1397.09884 10054.16964
1398.01921 10095.71394
1398.93958 10138.06928
1399.85994 10174.25022
1400.78031 10200.89108
1401.70068 10219.6334
1402.62105 10235.08267
1403.54142 10252.84211
1404.46178 10278.69775
1405.38215 10318.41484
1406.30252 10377.53546
1407.22289 10460.91358
1408.14326 10572.27646
1409.06363 10714.53018
1409.98399 10891.01077
1410.90436 11106.75875
1411.82473 11361.7496
1412.7451 11657.16902
1413.66547 11990.18108
1414.58583 12353.66771
1415.5062 12738.39402
1416.42657 13134.54109
1417.34694 13532.24714
1418.26731 13921.88761
1419.18768 14294.88538
1420.10804 14645.15597
1421.02841 14969.77658
1421.94878 15265.42644
1422.86915 15531.2993
1423.78952 15767.01057
1424.70988 15972.72061
1425.63025 16155.34496
1426.55062 16333.52031
1427.47099 16534.15049
1428.39136 16787.39167
1429.31172 17123.94643
1430.23209 17573.83342
1431.15246 18162.69736
1432.07283 18901.76101
1432.9932 19775.01551
1433.91357 20749.86762
1434.83393 21774.68669
1435.7543 22809.5771
1436.67467 23815.16127
1437.59504 24755.96615
1438.51541 25606.2177
1439.43577 26349.67158
1440.35614 26975.22777
1441.27651 27473.0818
1442.19688 27833.62687
1443.11725 28048.33429
1444.03762 28113.40633
1444.95798 28032.08261
1445.87835 27831.03959
1446.79872 27542.8562
1447.71909 27193.90733
1448.63946 26810.47177
1449.55982 26417.29048
1450.48019 26034.19885
1451.40056 25674.60412
1452.32093 25347.41256
1453.2413 25060.07391
1454.16166 24819.85483
1455.08203 24633.62646
1456.0024 24505.94786
1456.92277 24436.12874
1457.84314 24400.72647
1458.76351 24378.38707
1459.68387 24347.50423
1460.60424 24286.51515
1461.52461 24175.4754
1462.44498 24000.81515
1463.36535 23759.38341
1464.28571 23456.97714
1465.20608 23102.91588
1466.12645 22706.97981
1467.04682 22278.90699
1467.96719 21827.30074
1468.88756 21358.83096
1469.80792 20875.82528
1470.72829 20377.72308
1471.64866 19863.63092
1472.56903 19332.65248
1473.4894 18784.43343
1474.40976 18221.15018
1475.33013 17649.81585
1476.2505 17082.27537
1477.17087 16532.56291
1478.09124 16015.06944
1479.0116 15544.09444
1479.93197 15138.37776
1480.85234 14798.81125
1481.77271 14514.53407
1482.69308 14269.5256
1483.61345 14046.28462
1484.53381 13827.11625
1485.45418 13595.25895
1486.37455 13338.55502
1487.29492 13054.48169
1488.21529 12751.24212
1489.13565 12442.27812
1490.05602 12141.97992
1490.97639 11865.81425
1491.89676 11630.26279
1492.81713 11440.33852
1493.73749 11292.48363
1494.65786 11178.11727
1495.57823 11087.26435
1496.4986 11009.71636
1497.41897 10935.64968
1498.33934 10857.15721
1499.2597 10770.46289
1500.18007 10676.67118
1501.10044 10579.28653
1502.02081 10482.23625
1502.94118 10390.07059
1503.86154 10306.46868
1504.78191 10232.13852
1505.70228 10164.00975
1506.62265 10097.03643
1507.54302 10025.59534
1508.46339 9943.98282
1509.38375 9846.96639
1510.30412 9731.48611
1511.22449 9599.07755
1512.14486 9456.69492
1513.06523 9313.81374
1513.98559 9180.66408
1514.90596 9069.52931
1515.82633 8988.09585
1516.7467 8939.43001
1517.66707 8919.26147
1518.58743 8919.65123
1519.5078 8931.57234
1520.42817 8945.88443
1521.34854 8953.97896
1522.26891 8949.43345
1523.18928 8930.21933
1524.10964 8899.10539
1525.03001 8860.80667
1525.95038 8820.53136
1526.87075 8783.94803
1527.79112 8755.20935
1528.71148 8735.65101
1529.63185 8723.53972
1530.55222 8715.69267
1531.47259 8708.5208
1532.39296 8698.43713
1533.31333 8682.22526
1534.23369 8657.96893
1535.15406 8626.183
1536.07443 8589.582
1536.9948 8551.64443
1537.91517 8516.48896
1538.83553 8487.64923
1539.7559 8467.55242
1540.67627 8456.06931
1541.59664 8450.90723
1542.51701 8448.81551
1543.43737 8446.32239
1544.35774 8440.03905
1545.27811 8427.23931
1546.19848 8407.13724
1547.11885 8382.08059
1548.03922 8356.60333
1548.95958 8336.2632
1549.87995 8326.94886
1550.80032 8332.99488
1551.72069 8356.24489
1552.64106 8393.446
1553.56142 8438.0337
1554.48179 8482.20938
1555.40216 8517.95906
1556.32253 8537.67585
1557.2429 8535.76381
1558.16327 8511.31612
1559.08363 8469.49918
1560.004 8418.42879
1560.92437 8367.55084
1561.84474 8326.3029
1562.76511 8301.70894
1563.68547 8295.82501
1564.60584 8304.6934
1565.52621 8321.2405
1566.44658 8337.47062
1567.36695 8345.36975
1568.28731 8337.88146
1569.20768 8311.23511
1570.12805 8267.70626
1571.04842 8214.95414
1571.96879 8162.76006
1572.88916 8122.2406
1573.80952 8102.36095
1574.72989 8108.75383
1575.65026 8139.6824
1576.57063 8187.87582
1577.491 8243.80218
1578.41136 8297.45934
1579.33173 8339.21266
1580.2521 8361.46412
1581.17247 8361.61763
1582.09284 8344.0181
1583.01321 8316.63107
1583.93357 8288.82675
1584.85394 8270.26207
1585.77431 8267.94104
1586.69468 8283.41459
1587.61505 8311.58435
1588.53541 8343.91618
1589.45578 8370.86313
1590.37615 8382.90963
1591.29652 8371.90982
1592.21689 8334.22095
1593.13725 8274.12549
1594.05762 8202.46122
1594.97799 8132.52245
1595.89836 8079.67945
1596.81873 8055.82887
1597.7391 8067.52839
1598.65946 8110.90344
1599.57983 8175.21462
1600.5002 8247.19081
1601.42057 8313.10589
1602.34094 8360.00766
1603.2613 8378.3576
1604.18167 8365.74475
1605.10204 8328.00878
1606.02241 8274.5565
1606.94278 8215.68055
1607.86315 8162.63083
1608.78351 8123.22441
1609.70388 8099.73257
1610.62425 8089.6122
1611.54462 8088.28388
1612.46499 8090.6698
1613.38535 8091.82499
1614.30572 8087.80278
1615.22609 8077.13403
1616.14646 8061.76425
1617.06683 8045.61583
1617.98719 8033.16325
1618.90756 8029.75
1619.82793 8038.28714
1620.7483 8058.14156
1621.66867 8084.1196
1622.58904 8108.92794
1623.5094 8124.71402
1624.42977 8123.75575
1625.35014 8099.98574
1626.27051 8052.11992
1627.19088 7985.97827
1628.11124 7912.50109
1629.03161 7844.02683
1629.95198 7794.73191
1630.87235 7777.01602
1631.79272 7794.84782
1632.71309 7843.58107
1633.63345 7913.97336
1634.55382 7995.4762
1635.47419 8077.41679
1636.39456 8150.02265
1637.31493 8206.4398
1638.23529 8244.31824
1639.15566 8264.96148
1640.07603 8270.84539
1640.9964 8264.49485
1641.91677 8247.92236
1642.83713 8224.69635
1643.7575 8197.05558
1644.67787 8167.18347
1645.59824 8137.21491
1646.51861 8109.28373
1647.43898 8085.47159
1648.35934 8067.67091
1649.27971 8057.49192
1650.20008 8056.31265
1651.12045 8065.42216
1652.04082 8086.07122
1652.96118 8119.92236
1653.88155 8166.33563
1654.80192 8220.66365
1655.72229 8277.22023
1656.64266 8329.92536
1657.56303 8372.67832
1658.48339 8400.14436
1659.40376 8409.59421
1660.32413 8402.17561
1661.2445 8382.16267
1662.16487 8354.89759
1663.08523 8325.80259
1664.0056 8300.07277
1664.92597 8282.45693
1665.84634 8273.08442
1666.76671 8270.80429
1667.68707 8274.23959
1668.60744 8281.93976
1669.52781 8292.42236
1670.44818 8304.05221
1671.36855 8314.97975
1672.28892 8323.21059
1673.20928 8326.7105
1674.12965 8323.45139
1675.05002 8311.49301
1675.97039 8288.91638
1676.89076 8254.69756
1677.81112 8209.27132
1678.73149 8152.5053
1679.65186 8084.32879
1680.57223 8005.21306
1681.4926 7917.21389
1682.41297 7824.2039
1683.33333 7731.2
1684.2537 7643.54514
1685.17407 7566.47653
1686.09444 7504.67115
1687.01481 7460.94409
1687.93517 7436.33345
1688.85554 7427.84122
1689.77591 7433.24092
1690.69628 7450.50383
1691.61665 7476.84403
1692.53701 7507.73275
1693.45738 7536.99891
1694.37775 7557.64164
1695.29812 7562.50163
1696.21849 7544.89303
1697.13886 7500.26864
1698.05922 7429.22574
1698.97959 7338.24735
1699.89996 7237.2254
1700.82033 7136.91088
1701.7407 7046.11724
1702.66106 6970.87961
1703.58143 6912.23906
1704.5018 6867.76527
1705.42217 6833.65659
1706.34254 6805.88106
1707.26291 6780.73264
1708.18327 6755.62751
1709.10364 6729.95711
1710.02401 6704.77192
1710.94438 6681.84555
1711.86475 6662.85377
1712.78511 6648.84932
1713.70548 6639.63936
1714.62585 6633.35619
1715.54622 6627.31739
1716.46659 6618.61628
1717.38695 6604.45417
1718.30732 6582.80187
1719.22769 6553.46208
1720.14806 6518.60469
1721.06843 6481.65581
1721.9888 6446.35969
1722.90916 6417.10951
1723.82953 6396.34529
1724.7499 6384.33861
1725.67027 6379.73687
1726.59064 6380.62963
1727.511 6384.9718
1728.43137 6390.76549
1729.35174 6396.18187
1730.27211 6399.6483
1731.19248 6399.82549
1732.11285 6395.44691
1733.03321 6385.28559
1733.95358 6367.98267
1734.87395 6344.2737
1735.79432 6317.32522
1736.71469 6290.86004
1737.63505 6268.78151
1738.55542 6254.75033
1739.47579 6251.0248
1740.39616 6256.78771
1741.31653 6268.06426
1742.23689 6279.25858
1743.15726 6284.47651
1744.07763 6278.18955
1744.998 6256.60692
1745.91837 6220.23857
1746.83874 6176.5494
1747.7591 6132.21916
1748.67947 6093.87599
1749.59984 6067.13377
1750.52021 6054.43789
1751.44058 6054.37627
1752.36094 6063.06411
1753.28131 6075.87059
1754.20168 6088.2263
1755.12205 6096.17626
1756.04242 6097.38683
1756.96279 6091.45966
1757.88315 6079.27094
1758.80352 6062.08561
1759.72389 6040.90389
1760.64426 6017.14919
1761.56463 5992.90245
1762.48499 5970.68948
1763.40536 5953.18632
1764.32573 5942.97542
1765.2461 5941.98804
1766.16647 5950.39008
1767.08683 5965.66717
1768.0072 5983.74432
1768.92757 5999.62988
1769.84794 6008.76583
1770.76831 6008.15935
1771.68868 5997.42647
1772.60904 5977.98325
1773.52941 5951.92765
1774.44978 5921.48072
1775.37015 5888.73512
1776.29052 5855.37851
1777.21088 5822.5081
1778.13125 5790.81804
1779.05162 5760.86551
1779.97199 5733.3281
1780.89236 5708.97639
1781.81273 5688.39821
1782.73309 5672.39723
1783.65346 5661.83905
1784.57383 5657.54154
1785.4942 5659.92827
1786.41457 5668.20429
1787.33493 5679.87486
1788.2553 5691.16878
1789.17567 5697.93041
1790.09604 5696.11936
1791.01641 5682.56159
1791.93677 5656.28508
1792.85714 5621.86571
1793.77751 5584.21772
1794.69788 5548.07582
1795.61825 5517.68711
1796.53862 5495.66547
1797.45898 5482.40932
1798.37935 5476.81649
1799.29972 5477.28176
1800.22009 5482.13291
1801.14046 5489.70029
1802.06082 5498.30005
1802.98119 5506.1692
1803.90156 5511.26154
1804.82193 5511.95617
1805.7423 5507.01661
1806.66267 5496.76813
1807.58303 5483.54457
1808.5034 5470.7968
1809.42377 5462.2864
1810.34414 5461.30321
1811.26451 5469.02295
1812.18487 5482.3805
1813.10524 5493.72473
1814.02561 5493.53796
1814.94598 5470.10539
1815.86635 5415.86553
1816.78671 5333.64868
1817.70708 5236.21514
1818.62745 5140.7598
1819.54782 5065.45291
1820.46819 5026.34527
1821.38856 5031.18303
1822.30892 5074.29818
1823.22929 5138.28804
1824.14966 5201.45469
1825.07003 5242.2277
1825.9904 5242.32894
1826.91076 5196.81
1827.83113 5127.29726
1828.7515 5056.64281
1829.67187 5007.98028
1830.59224 5000.39548
1831.51261 5039.95076
1832.43297 5116.32
1833.35334 5208.31647
1834.27371 5291.5075
1835.19408 5342.87515
1836.11445 5346.26383
1837.03481 5301.21993
1837.95518 5222.43641
1838.87555 5133.82923
1839.79592 5057.07184
1840.71629 5008.1898
1841.63665 4992.13396
1842.55702 5003.88364
1843.47739 5033.72448
1844.39776 5070.91574
1845.31813 5105.69283
1846.2385 5131.31852
1847.15886 5145.68104
1848.07923 5149.89851
1848.9996 5145.93172
1849.91997 5135.42397
1850.84034 5121.0058
1851.7607 5104.32133
1852.68107 5086.88514
1853.60144 5070.16052
1854.52181 5055.42376
1855.44218 5043.05619
1856.36255 5031.65592
1857.28291 5018.03333
1858.20328 4998.15959
1859.12365 4968.05998
1860.04402 4924.87938
1860.96439 4869.6665
1861.88475 4811.74627
1862.80512 4762.80688
1863.72549 4733.9298
1864.64586 4733.96319
1865.56623 4764.25483
1866.48659 4816.71149
1867.40696 4877.28618
1868.32733 4930.19253
1869.2477 4960.9483
1870.16807 4960.31941
1871.08844 4929.3015
1872.0088 4877.94327
1872.92917 4819.73918
1873.84954 4769.12999
1874.76991 4734.97561
1875.69028 4718.30544
1876.61064 4714.81073
1877.53101 4718.21518
1878.45138 4722.14519
1879.37175 4721.75869
1880.29212 4715.48682
1881.21248 4705.41792
1882.13285 4695.41996
1883.05322 4689.59655
1883.97359 4691.61216
1884.89396 4701.68232
1885.81433 4714.73473
1886.73469 4724.93388
1887.65506 4726.36918
1888.57543 4714.28347
1889.4958 4687.25269
1890.41617 4647.67566
1891.33653 4600.30838
1892.2569 4550.51893
1893.17727 4503.41522
1894.09764 4463.11074
1895.01801 4431.8506
1895.93838 4411.43683
1896.85874 4402.15238
1897.77911 4403.95866
1898.69948 4415.08038
1899.61985 4430.86661
1900.54022 4445.05108
1901.46058 4450.9451
1902.38095 4442.81476
1903.30132 4418.34671
1904.22169 4380.77733
1905.14206 4338.06713
1906.06242 4299.667
1906.98279 4275.14839
1907.90316 4271.44765
1908.82353 4283.40353
1909.7439 4302.18258
1910.66427 4317.87005
1911.58463 4321.48749
1912.505 4308.6888
1913.42537 4282.61682
1914.34574 4252.40573
1915.26611 4229.43244
1916.18647 4224.3379
1917.10684 4243.58185
1918.02721 4284.18395
1918.94758 4333.69975
1919.86795 4375.01346
1920.78832 4394.05852
1921.70868 4383.32003
1922.62905 4346.68938
1923.54942 4295.52438
1924.46979 4243.87949
1925.39016 4204.92351
1926.31052 4186.66753
1927.23089 4188.09697
1928.15126 4199.70134
1929.07163 4208.90946
1929.992 4203.12034
1930.91236 4172.11346
1931.83273 4121.75749
1932.7531 4062.88928
1933.67347 4007.80367
1934.59384 3967.86471
1935.51421 3949.92769
1936.43457 3953.93561
1937.35494 3974.58259
1938.27531 4004.6574
1939.19568 4037.03432
1940.11605 4065.82208
1941.03641 4087.59653
1941.95678 4100.39885
1942.87715 4103.25428
1943.79752 4095.92179
1944.71789 4078.83258
1945.63826 4053.85999
1946.55862 4023.66784
1947.47899 3991.1821
1948.39936 3959.54681
1949.31973 3932.43925
1950.2401 3914.26918
1951.16046 3909.93294
1952.08083 3924.22641
1953.0012 3960.53331
1953.92157 4016.7402
1954.84194 4076.27273
1955.7623 4121.47119
1956.68267 4135.05656
1957.60304 4105.66948
1958.52341 4036.40944
1959.44378 3944.22137
1960.36415 3853.20504
1961.28451 3787.59764
1962.20488 3764.83759
1963.12525 3786.93995
1964.04562 3837.53281
1964.96599 3891.65966
1965.88635 3921.79289
1966.80672 3913.51697
1967.72709 3871.18897
1968.64746 3810.70472
1969.56783 3751.62842
1970.4882 3711.77407
1971.40856 3700.70559
1972.32893 3715.95543
1973.2493 3745.61076
1974.16967 3774.85593
1975.09004 3790.18316
1976.0104 3783.75452
1976.93077 3757.61607
1977.85114 3723.04281
1978.77151 3689.84343
1979.69188 3665.17106
1980.61224 3649.91204
1981.53261 3639.22702
1982.45298 3625.56994
1983.37335 3601.56609
1984.29372 3563.23598
1985.21409 3513.22165
1986.13445 3461.11588
1987.05482 3419.21396
1987.97519 3400.3096
1988.89556 3412.01541
1989.81593 3445.75884
1990.73629 3488.70874
1991.65666 3526.99134
1992.57703 3549.04894
1993.4974 3550.24715
1994.41777 3533.65762
1995.33814 3506.97895
1996.2585 3478.80571
1997.17887 3456.11976
1998.09924 3441.94921
1999.01961 3434.49
1999.93998 3429.79612
2000.86034 3423.51061
2001.78071 3413.72576
2002.70108 3401.71531
2003.62145 3390.50956
2004.54182 3383.59721
2005.46218 3383.74092
2006.38255 3391.54473
2007.30292 3405.01024
2008.22329 3420.51234
2009.14366 3434.12204
2010.06403 3442.52436
2010.98439 3444.02456
2011.90476 3438.80238
2012.82513 3428.54647
2013.7455 3414.37565
2014.66587 3397.10246
2015.58623 3377.15558
2016.5066 3354.71031
2017.42697 3329.87414
2018.34734 3302.81681
2019.26771 3273.84385
2020.18808 3243.42673
2021.10844 3212.16883
2022.02881 3180.81515
2022.94918 3151.27133
2023.86955 3128.13608
2024.78992 3117.06613
2025.71028 3123.81593
2026.63065 3151.75687
2027.55102 3197.55041
2028.47139 3250.81209
2029.39176 3297.26099
2030.31212 3322.72902
2031.23249 3317.55669
2032.15286 3280.98899
2033.07323 3221.27327
2033.9936 3149.92633
2034.91397 3079.47507
2035.83433 3019.02541
2036.7547 2973.13825
2037.67507 2944.94476
2038.59544 2936.59419
2039.51581 2947.20098
2040.43617 2970.65641
2041.35654 2996.5019
2042.27691 3012.86089
2043.19728 3009.88517
2044.11765 2984.21647
2045.03802 2942.95975
2045.95838 2899.85891
2046.87875 2870.44902
2047.79912 2862.67239
2048.71949 2873.71423
2049.63986 2894.25283
2050.56022 2913.24843
2051.48059 2922.20289
2052.40096 2919.78952
2053.32133 2912.67807
2054.2417 2911.9503
2055.16206 2928.17559
2056.08243 2966.06625
2057.0028 3017.58429
2057.92317 3061.70673
2058.84354 3076.51626
2059.76391 3049.03213
2060.68427 2984.37803
2061.60464 2902.42552
2062.52501 2828.7343
2063.44538 2785.87672
2064.36575 2783.86126
2065.28611 2815.89381
2066.20648 2863.54838
2067.12685 2906.18381
2068.04722 2927.87134
2068.96759 2924.77891
2069.88796 2907.24832
2070.80832 2889.06945
2071.72869 2879.89497
2072.64906 2882.02451
2073.56943 2891.08744
2074.4898 2899.71286
2075.41016 2901.0682
2076.33053 2892.17459
2077.2509 2875.56651
2078.17127 2857.75655
2079.09164 2845.91545
2080.012 2844.88552
2080.93237 2852.97556
2081.85274 2860.69892
2082.77311 2858.81437
2083.69348 2841.30509
2084.61385 2809.75993
2085.53421 2772.31739
2086.45458 2739.80804
2087.37495 2721.02915
2088.29532 2717.42457
2089.21569 2720.41824
2090.13605 2715.12932
2091.05642 2686.71454
2091.97679 2627.24955
2092.89716 2550.37071
2093.81753 2483.66923
2094.7379 2452.21097
2095.65826 2470.1998
2096.57863 2530.84911
2097.499 2612.16191
2098.41937 2687.04539
2099.33974 2732.78786
2100.2601 2738.6254
2101.18047 2707.82475
2102.10084 2650.48269
2103.02121 2577.75527
2103.94158 2500.73887
2104.86194 2430.54044
2105.78231 2376.37218
2106.70268 2345.61706
2107.62305 2339.99921
2108.54342 2354.25529
2109.46379 2379.15198
2110.38415 2404.99079
2111.30452 2424.53108
2112.22489 2434.64447
2113.14526 2435.59062
2114.06563 2428.82798
2114.98599 2416.45824
2115.90636 2402.72894
2116.82673 2393.24457
2117.7471 2392.88731
2118.66747 2403.78586
2119.58784 2422.63365
2120.5082 2442.18111
2121.42857 2454.15857
2122.34894 2452.77311
2123.26931 2437.81927
2124.18968 2415.16431
2125.11004 2393.18762
2126.03041 2379.35492
2126.95078 2377.38533
2127.87115 2383.90073
2128.79152 2393.90329
2129.71188 2403.80462
2130.63225 2412.86273
2131.55262 2422.92514
2132.47299 2436.78218
2133.39336 2456.03166
2134.31373 2478.78588
2135.23409 2498.9839
2136.15446 2508.59974
2137.07483 2500.77721
2137.9952 2473.93007
2138.91557 2435.31791
2139.83593 2397.83106
2140.7563 2370.72714
2141.67667 2357.45449
2142.59704 2355.69886
2143.51741 2360.59712
2144.43778 2367.52142
2145.35814 2374.07016
2146.27851 2380.4891
2147.19888 2388.28801
2148.11925 2398.02386
2149.03962 2406.49719
2149.95998 2403.64405
2150.88035 2376.33473
2151.80072 2317.75863
2152.72109 2232.53197
2153.64146 2136.15641
2154.56182 2047.97671
2155.48219 1984.45208
2156.40256 1953.47768
2157.32293 1954.13268
2158.2433 1980.73172
2159.16367 2025.61224
2160.08403 2078.6158
2161.0044 2126.65532
2161.92477 2152.8582
2162.84514 2149.29532
2163.76551 2120.84488
2164.68587 2081.00266
2165.60624 2045.07233
2166.52661 2024.14401
2167.44698 2021.36409
2168.36735 2033.50388
2169.28772 2054.59978
2170.20808 2077.69934
2171.12845 2094.80637
2172.04882 2097.18471
2172.96919 2075.97022
2173.88956 2029.98161
2174.80992 1973.27
2175.73029 1923.26099
2176.65066 1894.87945
2177.57103 1892.96452
2178.4914 1911.38851
2179.41176 1938.23059
2180.33213 1961.89782
2181.2525 1975.28535
2182.17287 1976.90888
2183.09324 1968.14697
2184.01361 1951.0485
2184.93397 1927.94726
2185.85434 1902.51367
2186.77471 1877.99991
2187.69508 1857.90516
2188.61545 1846.20407
2189.53581 1846.96543
2190.45618 1862.54286
2191.37655 1890.17014
2192.29692 1920.46073
2193.21729 1940.1463
2194.13766 1937.99072
2195.05802 1911.68282
2195.97839 1871.91371
2196.89876 1837.07879
2197.81913 1820.0229
2198.7395 1822.42437
2199.65986 1839.21293
2200.58023 1863.01305
2201.5006 1885.85842
2202.42097 1899.60475
2203.34134 1896.44932
2204.2617 1870.99837
2205.18207 1823.96627
2206.10244 1764.6109
2207.02281 1706.50569
2207.94318 1663.15635
2208.86355 1638.29552
2209.78391 1628.6598
2210.70428 1630.08293
2211.62465 1638.62969
2212.54502 1650.96451
2213.46539 1664.17333
2214.38575 1675.72885
2215.30612 1683.74265
2216.22649 1687.09445
2217.14686 1685.33689
2218.06723 1679.32336
2218.9876 1672.79795
2219.90796 1672.99147
2220.82833 1684.06166
2221.7487 1701.41383
2222.66907 1710.86577
2223.58944 1696.18214
2224.5098 1650.14039
2225.43017 1583.67971
2226.35054 1522.60573
2227.27091 1493.4676
2228.19128 1506.7108
2229.11164 1545.57863
2230.03201 1576.21617
2230.95238 1565.18095
2231.87275 1510.56065
2232.79312 1436.75609
2233.71349 1369.10945
2234.63385 1323.60995
2235.55422 1303.82032
2236.47459 1306.23629
2237.39496 1325.43034
2238.31533 1356.2462
2239.23569 1394.00819
2240.15606 1434.03948
2241.07643 1470.94247
2241.9968 1497.94607
2242.91717 1505.8084
2243.83754 1492.95868
2244.7579 1466.71374
2245.67827 1440.29371
2246.59864 1425.27578
2247.51901 1423.81542
2248.43938 1427.84251
2249.35974 1425.38881
2250.28011 1410.1079
2251.20048 1387.74107
2252.12085 1373.90446
2253.04122 1382.75305
2253.96158 1412.29687
2254.88195 1434.67041
2255.80232 1422.76136
2256.72269 1372.23471
2257.64306 1306.98816
2258.56343 1261.5641
2259.48379 1258.97836
2260.40416 1296.02445
2261.32453 1348.09144
2262.2449 1388.02082
2263.16527 1403.29291
2264.08563 1402.61423
2265.006 1403.37581
2265.92637 1415.00006
2266.84674 1422.61924
2267.76711 1405.54217
2268.68747 1353.16608
2269.60784 1274.73059
2270.52821 1191.79469
2271.44858 1126.11719
2272.36895 1090.41472
2273.28932 1087.15318
2274.20968 1113.0521
2275.13005 1161.8038
2276.05042 1223.85311
2276.97079 1287.61621
2277.89116 1340.61415
2278.81152 1373.93681
2279.73189 1380.42761
2280.65226 1357.73609
2281.57263 1311.52857
2282.493 1252.9065
2283.41337 1194.88988
2284.33373 1150.40396
2285.2541 1130.97789
2286.17447 1143.24688
2287.09484 1181.67867
2288.01521 1223.7174
2288.93557 1238.69179
2289.85594 1218.43559
2290.77631 1181.69378
2291.69668 1151.74125
2292.61705 1139.21325
2293.53741 1136.84789
2294.45778 1129.45836
2295.37815 1108.17597
2296.29852 1077.99365
2297.21889 1053.70112
2298.13926 1047.58613
2299.05962 1059.17602
2299.97999 1076.24885
2300.90036 1084.09299
2301.82073 1077.34468
2302.7411 1056.39185
2303.66146 1027.45786
2304.58183 1005.88302
2305.5022 1010.78366
2306.42257 1050.78843
2307.34294 1110.13896
2308.26331 1151.71678
2309.18367 1141.32531
2310.10404 1074.49954
2311.02441 983.39532
2311.94478 912.3337
2312.86515 881.77821
2313.78551 887.51464
2314.70588 921.97882
2315.62625 979.80277
2316.54662 1056.67705
2317.46699 1143.08866
2318.38735 1217.75478
2319.30772 1251.06113
2320.22809 1221.62532
2321.14846 1135.47493
2322.06883 1029.2005
2322.9892 945.36417
2323.90956 907.56086
2324.82993 908.42313
2325.7503 934.04988
2326.67067 961.90046
2327.59104 968.61437
2328.5114 946.87535
2329.43177 915.94173
2330.35214 908.59815
2331.27251 940.97852
2332.19288 992.02141
2333.11325 1016.78585
2334.03361 988.17336
2334.95398 934.59873
2335.87435 912.06352
2336.79472 926.9481
2337.71509 934.06856
2338.63545 889.37814
2339.55582 798.66794
2340.47619 712.67762
2341.39656 683.40515
2342.31693 722.41658
2343.23729 797.09156
2344.15766 864.50591
2345.07803 900.51569
2345.9984 901.40845
2346.91877 869.15207
2347.83914 814.53372
2348.7595 747.61683
2349.67987 683.17554
2350.60024 639.41523
2351.52061 629.9584
2352.44098 655.17335
2353.36134 703.52168
2354.28171 760.37998
2355.20208 814.80218
2356.12245 858.38041
2357.04282 877.20585
2357.96319 841.21946
2358.88355 731.29731
2359.80392 593.69451
2360.72429 512.81108
2361.64466 541.25849
2362.56503 652.53471
2363.48539 776.00712
2364.40576 856.31187
2365.32613 880.47196
2366.2465 863.87759
2367.16687 824.61073
2368.08723 774.0605
2369.0076 721.18577
2369.92797 678.30582
2370.84834 655.44668
2371.76871 654.29687
2372.68908 668.0442
2373.60944 683.2423
2374.52981 681.13567
2375.45018 650.04743
2376.37055 606.29339
2377.29092 594.59523
2378.21128 650.22966
2379.13165 749.28723
2380.05202 810.80615
2380.97239 776.94581
2381.89276 693.36782
2382.81313 633.10942
2383.73349 617.31508
2384.65386 636.03009
2385.57423 672.24006
2386.4946 711.20089
2387.41497 740.50558
2388.33533 749.3051
2389.2557 732.4003
2390.17607 698.5883
2391.09644 673.43601
2392.01681 677.52908
2392.93717 693.35941
2393.85754 683.84934
2394.77791 647.7919
2395.69828 610.73219
2396.61865 598.77059
2397.53902 624.61899
2398.45938 677.76868
2399.37975 721.59896
2400.30012 715.79784
2401.22049 656.02068
2402.14086 586.95422
2403.06122 554.67633
2403.98159 557.77797
2404.90196 565.25412
2405.82233 560.55862
2406.7427 543.88477
2407.66307 525.63664
2408.58343 519.16001
2409.5038 529.82006
2410.42417 552.97812
2411.34454 580.7384
2412.26491 608.09968
2413.18527 631.69595
2414.10564 645.18983
2415.02601 641.93129
2415.94638 628.53073
2416.86675 623.50294
2417.78711 622.99955
2418.70748 609.69687
2419.62785 590.98885
2420.54822 596.86452
2421.46859 632.7977
2422.38896 661.69127
2423.30932 645.7891
2424.22969 596.06275
2425.15006 558.10546
2426.07043 551.06117
2426.9908 558.52536
2427.91116 572.7595
2428.83153 598.47896
2429.7519 628.07234
2430.67227 653.91756
2431.59264 689.12977
2432.51301 743.57713
2433.43337 787.86592
2434.35374 775.07163
2435.27411 701.62822
2436.19448 623.56217
2437.11485 589.25297
2438.03521 593.46261
2438.95558 616.26933
2439.87595 646.85449
2440.79632 672.25189
2441.71669 688.28696
2442.63705 717.1595
2443.55742 767.97647
2444.47779 800.21309
2445.39816 781.06196
2446.31853 749.40162
2447.2389 766.25833
2448.15926 796.01285
2449.07963 745.04778
2450 647.59
