133.166 4693
134.06682 4665.97291
134.96764 4638.94582
135.86847 4611.91873
136.76929 4584.89165
137.67011 4557.86456
138.57093 4530.83747
139.47175 4503.81038
140.37258 4476.78329
141.2734 4448.69244
142.17422 4420.27937
143.07504 4391.86631
143.97586 4363.45324
144.87669 4335.04017
145.77751 4306.62711
146.67833 4278.21404
147.57915 4249.80098
148.47997 4229.86773
149.3808 4216.88743
150.28162 4203.90713
151.18244 4190.92683
152.08326 4177.94652
152.98408 4164.96622
153.88491 4151.98592
154.78573 4139.00562
155.68655 4124.69237
156.58737 4107.84543
157.48819 4090.99849
158.38902 4074.15154
159.28984 4057.3046
160.19066 4040.45765
161.09148 4023.61071
161.9923 4006.76377
162.89312 3990.77484
163.79395 3979.52374
164.69477 3968.27264
165.59559 3957.02154
166.49641 3945.77043
167.39723 3934.51933
168.29806 3923.26823
169.19888 3912.01713
170.0997 3900.76602
171.00052 3886.02868
171.90134 3871.20691
172.80217 3856.38513
173.70299 3841.56336
174.60381 3826.74159
175.50463 3811.91982
176.40545 3797.09805
177.30628 3782.27628
178.2071 3768.93047
179.10792 3755.92485
180.00874 3742.91923
180.90956 3729.91361
181.81039 3716.90799
182.71121 3703.90237
183.61203 3690.89675
184.51285 3677.89113
185.41367 3666.90557
186.3145 3656.94969
187.21532 3646.99382
188.11614 3637.03795
189.01696 3627.08208
189.91778 3617.12621
190.81861 3607.17034
191.71943 3597.21447
192.62025 3593.31019
193.52107 3594.8491
194.42189 3596.38802
195.32272 3597.92694
196.22354 3599.46586
197.12436 3601.00478
198.02518 3602.5437
198.926 3604.08262
199.82683 3602.2113
200.72765 3595.30656
201.62847 3588.40182
202.52929 3581.49708
203.43011 3574.59234
204.33094 3567.6876
205.23176 3560.78286
206.13258 3553.87812
207.0334 3548.07552
207.93422 3544.92579
208.83505 3541.77607
209.73587 3538.62634
210.63669 3535.47661
211.53751 3532.32688
212.43833 3529.17716
213.33916 3526.02743
214.23998 3520.67632
215.1408 3506.38444
216.04162 3492.09255
216.94244 3477.80066
217.84327 3463.50878
218.74409 3449.21689
219.64491 3434.925
220.54573 3420.63311
221.44655 3407.85617
222.34737 3406.6169
223.2482 3405.37763
224.14902 3404.13836
225.04984 3402.8991
225.95066 3401.65983
226.85148 3400.42056
227.75231 3399.1813
228.65313 3397.68644
229.55395 3390.98335
230.45477 3384.28026
231.35559 3377.57717
232.25642 3370.87409
233.15724 3364.171
234.05806 3357.46791
234.95888 3350.76482
235.8597 3344.06173
236.76053 3350.09885
237.66135 3356.25438
238.56217 3362.40992
239.46299 3368.56545
240.36381 3374.72098
241.26464 3380.87652
242.16546 3387.03205
243.06628 3393.18759
243.9671 3396.10089
244.86792 3398.84084
245.76875 3401.5808
246.66957 3404.32075
247.57039 3407.06071
248.47121 3409.80066
249.37203 3412.54061
250.27286 3415.28057
251.17368 3416.93469
252.0745 3418.49429
252.97532 3420.05388
253.87614 3421.61348
254.77697 3423.17307
255.67779 3424.73267
256.57861 3426.29226
257.47943 3427.85186
258.38025 3421.55396
259.28108 3414.43134
260.1819 3407.30873
261.08272 3400.18612
261.98354 3393.0635
262.88436 3385.94089
263.78519 3378.81827
264.68601 3371.69566
265.58683 3376.81728
266.48765 3383.26424
267.38847 3389.71119
268.2893 3396.15814
269.19012 3402.60509
270.09094 3409.05204
270.99176 3415.499
271.89258 3421.94595
272.79341 3412.75895
273.69423 3402.10205
274.59505 3391.44514
275.49587 3380.78823
276.39669 3370.13133
277.29752 3359.47442
278.19834 3348.81752
279.09916 3338.16061
279.99998 3345.45151
280.9008 3353.92851
281.80162 3362.4055
282.70245 3370.8825
283.60327 3379.35949
284.50409 3387.83649
285.40491 3396.31348
286.30573 3404.79048
287.20656 3394.93974
288.10738 3384.62452
289.0082 3374.30929
289.90902 3363.99407
290.80984 3353.67885
291.71067 3343.36363
292.61149 3333.04841
293.51231 3323.22652
294.41313 3331.984
295.31395 3340.74148
296.21478 3349.49895
297.1156 3358.25643
298.01642 3367.01391
298.91724 3375.77139
299.81806 3384.52887
300.71889 3392.449
301.61971 3391.88102
302.52053 3391.31303
303.42135 3390.74505
304.32217 3390.17706
305.223 3389.60908
306.12382 3389.04109
307.02464 3388.47311
307.92546 3387.11301
308.82628 3381.8029
309.72711 3376.49279
310.62793 3371.18268
311.52875 3365.87257
312.42957 3360.56247
313.33039 3355.25236
314.23122 3349.94225
315.13204 3347.30473
316.03286 3352.36979
316.93368 3357.43484
317.8345 3362.49989
318.73533 3367.56494
319.63615 3372.62999
320.53697 3377.69504
321.43779 3382.7601
322.33861 3384.92576
323.23944 3381.94457
324.14026 3378.96339
325.04108 3375.98221
325.9419 3373.00103
326.84272 3370.01984
327.74355 3367.03866
328.64437 3364.05748
329.54519 3361.3168
330.44601 3358.83922
331.34683 3356.36164
332.24766 3353.88407
333.14848 3351.40649
334.0493 3348.92891
334.95012 3346.45133
335.85094 3343.97375
336.75176 3356.55543
337.65259 3378.88825
338.55341 3401.22107
339.45423 3423.55389
340.35505 3445.88671
341.25587 3468.21953
342.1567 3490.55235
343.05752 3512.88517
343.95834 3517.1162
344.85916 3515.26764
345.75998 3513.41909
346.66081 3511.57053
347.56163 3509.72197
348.46245 3507.87342
349.36327 3506.02486
350.26409 3504.17631
351.16492 3514.91549
352.06574 3526.9818
352.96656 3539.0481
353.86738 3551.11441
354.7682 3563.18072
355.66903 3575.24702
356.56985 3587.31333
357.47067 3599.18999
358.37149 3608.65482
359.27231 3618.11966
360.17314 3627.58449
361.07396 3637.04933
361.97478 3646.51416
362.8756 3655.97899
363.77642 3665.44383
364.67725 3676.34684
365.57807 3691.463
366.47889 3706.57916
367.37971 3721.69532
368.28053 3736.81148
369.18136 3751.92764
370.08218 3767.0438
370.983 3782.15997
371.88382 3776.34931
372.78464 3744.782
373.68547 3713.21469
374.58629 3681.64738
375.48711 3650.08007
376.38793 3618.51276
377.28875 3586.94545
378.18958 3555.37814
379.0904 3518.19395
379.99122 3478.05648
380.89204 3437.919
381.79286 3397.78152
382.69369 3357.64405
383.59451 3317.50657
384.49533 3277.36909
385.39615 3237.23162
386.29697 3206.46499
387.1978 3177.42066
388.09862 3148.37632
388.99944 3119.33198
389.90026 3090.28765
390.80108 3061.24331
391.70191 3032.19897
392.60273 3004.02103
393.50355 2993.68079
394.40437 2983.34056
395.30519 2973.00033
396.20601 2962.66009
397.10684 2952.31986
398.00766 2941.97962
398.90848 2931.63939
399.8093 2921.71495
400.71012 2912.96658
401.61095 2904.21821
402.51177 2895.46984
403.41259 2886.72148
404.31341 2877.97311
405.21423 2869.22474
406.11506 2860.47637
407.01588 2851.84656
407.9167 2843.34097
408.81752 2834.83538
409.71834 2826.32979
410.61917 2817.82419
411.51999 2809.3186
412.42081 2800.81301
413.32163 2792.30742
414.22245 2789.52963
415.12328 2788.88416
416.0241 2788.23869
416.92492 2787.59321
417.82574 2786.94774
418.72656 2786.30227
419.62739 2785.6568
420.52821 2785.01132
421.42903 2794.58944
422.32985 2804.35009
423.23067 2814.11075
424.1315 2823.87141
425.03232 2833.63206
425.93314 2843.39272
426.83396 2853.15338
427.73478 2857.76113
428.63561 2846.68708
429.53643 2835.61302
430.43725 2824.53897
431.33807 2813.46491
432.23889 2802.39086
433.13972 2791.3168
434.04054 2780.24274
434.94136 2770.93609
435.84218 2763.21844
436.743 2755.50079
437.64383 2747.78314
438.54465 2740.0655
439.44547 2732.34785
440.34629 2724.6302
441.24711 2716.91255
442.14794 2710.77628
443.04876 2704.9943
443.94958 2699.21231
444.8504 2693.43032
445.75122 2687.64833
446.65205 2681.86635
447.55287 2676.08436
448.45369 2670.39539
449.35451 2665.3843
450.25533 2660.37322
451.15615 2655.36214
452.05698 2650.35106
452.9578 2645.33998
453.85862 2640.3289
454.75944 2635.31781
455.66026 2626.4812
456.56109 2612.7297
457.46191 2598.97821
458.36273 2585.22671
459.26355 2571.47522
460.16437 2557.72373
461.0652 2543.97223
461.96602 2530.22074
462.86684 2518.95068
463.76766 2508.43955
464.66848 2497.92843
465.56931 2487.4173
466.47013 2476.90617
467.37095 2466.39504
468.27177 2455.88391
469.17259 2445.47603
470.07342 2435.92763
470.97424 2426.37923
471.87506 2416.83084
472.77588 2407.28244
473.6767 2397.73404
474.57753 2388.18564
475.47835 2378.63725
476.37917 2381.60899
477.27999 2399.16175
478.18081 2416.71451
479.08164 2434.26727
479.98246 2451.82003
480.88328 2469.37278
481.7841 2486.92554
482.68492 2504.4783
483.58575 2501.68828
484.48657 2494.66803
485.38739 2487.64777
486.28821 2480.62752
487.18903 2473.60726
488.08986 2466.58701
488.99068 2459.56675
489.8915 2454.85717
490.79232 2458.99722
491.69314 2463.13727
492.59397 2467.27732
493.49479 2471.41737
494.39561 2475.55741
495.29643 2479.69746
496.19725 2483.83751
497.09808 2485.61817
497.9989 2485.81563
498.89972 2486.01309
499.80054 2486.21055
500.70136 2486.40801
501.60219 2486.60548
502.50301 2486.80294
503.40383 2487.02117
504.30465 2497.50351
505.20547 2507.98585
506.1063 2518.46819
507.00712 2528.95053
507.90794 2539.43287
508.80876 2549.91521
509.70958 2560.39755
510.6104 2568.73519
511.51123 2574.08463
512.41205 2579.43408
513.31287 2584.78353
514.21369 2590.13298
515.11451 2595.48243
516.01534 2600.83188
516.91616 2606.18132
517.81698 2607.56026
518.7178 2608.22176
519.61862 2608.88326
520.51945 2609.54475
521.42027 2610.20625
522.32109 2610.86775
523.22191 2611.52925
524.12273 2610.24258
525.02356 2604.1479
525.92438 2598.05322
526.8252 2591.95853
527.72602 2585.86385
528.62684 2579.76917
529.52767 2573.67448
530.42849 2567.5798
531.32931 2555.92183
532.23013 2542.31722
533.13095 2528.7126
534.03178 2515.10799
534.9326 2501.50337
535.83342 2487.89876
536.73424 2474.29414
537.63506 2457.43053
538.53589 2428.05017
539.43671 2398.6698
540.33753 2369.28943
541.23835 2339.90907
542.13917 2310.5287
543.04 2281.14834
543.94082 2251.76797
544.84164 2243.00135
545.74246 2243.73372
546.64328 2244.4661
547.54411 2245.19847
548.44493 2245.93085
549.34575 2246.66322
550.24657 2247.3956
551.14739 2246.63665
552.04822 2238.83418
552.94904 2231.03172
553.84986 2223.22925
554.75068 2215.42679
555.6515 2207.62432
556.55233 2199.82186
557.45315 2192.01939
558.35397 2181.67548
559.25479 2170.11959
560.15561 2158.56371
561.05644 2147.00782
561.95726 2135.45194
562.85808 2123.89605
563.7589 2112.34017
564.65972 2103.70557
565.56055 2107.3854
566.46137 2111.06524
567.36219 2114.74507
568.26301 2118.4249
569.16383 2122.10474
570.06465 2125.78457
570.96548 2129.46441
571.8663 2127.65882
572.76712 2123.70491
573.66794 2119.751
574.56876 2115.7971
575.46959 2111.84319
576.37041 2107.88928
577.27123 2103.93538
578.17205 2101.48416
579.07287 2103.36367
579.9737 2105.24317
580.87452 2107.12267
581.77534 2109.00218
582.67616 2110.88168
583.57698 2112.76118
584.47781 2114.64069
585.37863 2119.73055
586.27945 2125.5792
587.18027 2131.42786
588.08109 2137.27651
588.98192 2143.12517
589.88274 2148.97382
590.78356 2154.82248
591.68438 2155.075
592.5852 2145.84863
593.48603 2136.62227
594.38685 2127.3959
595.28767 2118.16953
596.18849 2108.94317
597.08931 2099.7168
597.99014 2090.49044
598.89096 2095.30131
599.79178 2100.90024
600.6926 2106.49917
601.59342 2112.0981
602.49425 2117.69703
603.39507 2123.29596
604.29589 2128.89489
605.19671 2128.06818
606.09753 2121.65014
606.99836 2115.23209
607.89918 2108.81405
608.8 2102.396
609.70082 2095.97796
610.60164 2089.55991
611.50247 2083.24903
612.40329 2077.63242
613.30411 2072.01582
614.20493 2066.39922
615.10575 2060.78261
616.00658 2055.16601
616.9074 2049.54941
617.80822 2043.9328
618.70904 2038.5617
619.60986 2033.27468
620.51069 2027.98766
621.41151 2022.70063
622.31233 2017.41361
623.21315 2012.12659
624.11397 2006.83956
625.01479 2003.39997
625.91562 2003.12839
626.81644 2002.85681
627.71726 2002.58524
628.61808 2002.31366
629.5189 2002.04209
630.41973 2001.77051
631.32055 2001.50107
632.22137 2001.77305
633.12219 2002.04504
634.02301 2002.31703
634.92384 2002.58902
635.82466 2002.86101
636.72548 2003.133
637.6263 2003.40499
638.52712 2004.51946
639.42795 2006.08622
640.32877 2007.65299
641.22959 2009.21975
642.13041 2010.78652
643.03123 2012.35329
643.93206 2013.92005
644.83288 2010.95121
645.7337 1997.92064
646.63452 1984.89007
647.53534 1971.85949
648.43617 1958.82892
649.33699 1945.79835
650.23781 1932.76777
651.13863 1919.7372
652.03945 1915.94458
652.94028 1912.32325
653.8411 1908.70191
654.74192 1905.08057
655.64274 1901.45923
656.54356 1897.8379
657.44439 1894.21656
658.34521 1889.81811
659.24603 1885.02651
660.14685 1880.23492
661.04767 1875.44333
661.9485 1870.65174
662.84932 1865.86015
663.75014 1861.06856
664.65096 1855.43613
665.55178 1848.30628
666.45261 1841.17642
667.35343 1834.04656
668.25425 1826.9167
669.15507 1819.78684
670.05589 1812.65698
670.95672 1805.29872
671.85754 1794.72505
672.75836 1784.15138
673.65918 1773.5777
674.56 1763.00403
675.46083 1752.43036
676.36165 1741.85669
677.26247 1731.28301
678.16329 1728.5146
679.06411 1727.89552
679.96494 1727.27645
680.86576 1726.65738
681.76658 1726.03831
682.6674 1725.41924
683.56822 1724.80017
684.46904 1720.27691
685.36987 1712.07889
686.27069 1703.88087
687.17151 1695.68285
688.07233 1687.48483
688.97315 1679.28681
689.87398 1671.08879
690.7748 1662.79875
691.67562 1654.24308
692.57644 1645.68742
693.47726 1637.13175
694.37809 1628.57608
695.27891 1620.02042
696.17973 1611.46475
697.08055 1602.99119
697.98137 1602.16183
698.8822 1601.33248
699.78302 1600.50312
700.68384 1599.67377
701.58466 1598.84441
702.48548 1598.01506
703.38631 1597.1857
704.28713 1595.65678
705.18795 1593.92602
706.08877 1592.19526
706.98959 1590.4645
707.89042 1588.73375
708.79124 1587.00299
709.69206 1585.27223
710.59288 1583.80881
711.4937 1582.56075
712.39453 1581.3127
713.29535 1580.06465
714.19617 1578.8166
715.09699 1577.56854
715.99781 1576.32049
716.89864 1575.95202
717.79946 1577.27145
718.70028 1578.59089
719.6011 1579.91032
720.50192 1581.22976
721.40275 1582.5492
722.30357 1583.86863
723.20439 1584.41502
724.10521 1580.31091
725.00603 1576.20681
725.90686 1572.1027
726.80768 1567.99859
727.7085 1563.89449
728.60932 1559.79038
729.51014 1555.68628
730.41097 1551.7085
731.31179 1547.73674
732.21261 1543.76497
733.11343 1539.7932
734.01425 1535.82143
734.91508 1531.84967
735.8159 1527.8779
736.71672 1523.19462
737.61754 1518.30946
738.51836 1513.42429
739.41918 1508.53912
740.32001 1503.65396
741.22083 1498.76879
742.12165 1493.88362
743.02247 1488.99382
743.92329 1484.10111
744.82412 1479.2084
745.72494 1474.31569
746.62576 1469.42298
747.52658 1464.53027
748.4274 1459.63756
749.32823 1452.51424
750.22905 1442.78204
751.12987 1433.04984
752.03069 1423.31765
752.93151 1413.58545
753.83234 1403.85325
754.73316 1394.12106
755.63398 1390.21249
756.5348 1398.69761
757.43562 1407.18274
758.33645 1415.66787
759.23727 1424.153
760.13809 1432.63813
761.03891 1441.12326
761.93973 1447.02815
762.84056 1441.90108
763.74138 1436.77402
764.6422 1431.64696
765.54302 1426.5199
766.44384 1421.39284
767.34467 1416.26577
768.24549 1411.6636
769.14631 1413.98532
770.04713 1416.30704
770.94795 1418.62875
771.84878 1420.95047
772.7496 1423.27219
773.65042 1425.59391
774.55124 1427.91562
775.45206 1421.95658
776.35289 1415.68524
777.25371 1409.4139
778.15453 1403.14257
779.05535 1396.87123
779.95617 1390.59989
780.857 1384.32855
781.75782 1388.21708
782.65864 1393.65224
783.55946 1399.0874
784.46028 1404.52256
785.36111 1409.95772
786.26193 1415.39288
787.16275 1420.82804
788.06357 1422.05544
788.96439 1422.12613
789.86522 1422.19682
790.76604 1422.2675
791.66686 1422.33819
792.56768 1422.40887
793.4685 1422.47956
794.36933 1420.48673
795.27015 1417.65441
796.17097 1414.8221
797.07179 1411.98978
797.97261 1409.15747
798.87343 1406.32515
799.77426 1403.49284
800.67508 1396.69555
801.5759 1387.75822
802.47672 1378.82089
803.37754 1369.88356
804.27837 1360.94623
805.17919 1352.0089
806.08001 1343.07156
806.98083 1339.28677
807.88165 1338.93161
808.78248 1338.57646
809.6833 1338.2213
810.58412 1337.86614
811.48494 1337.51099
812.38576 1337.15583
813.28659 1332.60784
814.18741 1324.78202
815.08823 1316.9562
815.98905 1309.13037
816.88987 1301.30455
817.7907 1293.47873
818.69152 1285.6529
819.59234 1281.08796
820.49316 1279.37754
821.39398 1277.66713
822.29481 1275.95671
823.19563 1274.24629
824.09645 1272.53587
824.99727 1270.82545
825.89809 1265.08801
826.79892 1255.59439
827.69974 1246.10077
828.60056 1236.60715
829.50138 1227.11352
830.4022 1217.6199
831.30303 1208.12628
832.20385 1203.28007
833.10467 1202.85111
834.00549 1202.42215
834.90631 1201.99318
835.80714 1201.56422
836.70796 1201.13525
837.60878 1200.70629
838.5096 1198.8273
839.41042 1195.60495
840.31125 1192.38261
841.21207 1189.16026
842.11289 1185.93791
843.01371 1182.71557
843.91453 1179.49322
844.81536 1178.76984
845.71618 1180.20449
846.617 1181.63913
847.51782 1183.07378
848.41864 1184.50843
849.31947 1185.94307
850.22029 1187.37772
851.12111 1183.11873
852.02193 1174.49837
852.92275 1165.87801
853.82358 1157.25765
854.7244 1148.63729
855.62522 1140.01693
856.52604 1131.39657
857.42686 1133.97331
858.32768 1143.83053
859.22851 1153.68775
860.12933 1163.54497
861.03015 1173.4022
861.93097 1183.25942
862.83179 1193.11664
863.73262 1198.58285
864.63344 1201.75424
865.53426 1204.92563
866.43508 1208.09702
867.3359 1211.26841
868.23673 1214.43981
869.13755 1217.6112
870.03837 1220.16247
870.93919 1222.47227
871.84001 1224.78207
872.74084 1227.09188
873.64166 1229.40168
874.54248 1231.71148
875.4433 1234.02129
876.34412 1240.92011
877.24495 1249.01868
878.14577 1257.11724
879.04659 1265.2158
879.94741 1273.31437
880.84823 1281.41293
881.74906 1289.51149
882.64988 1299.20976
883.5507 1309.13044
884.45152 1319.05111
885.35234 1328.97179
886.25317 1338.89246
887.15399 1348.81314
888.05481 1358.73382
888.95563 1373.61082
889.85645 1388.62447
890.75728 1403.63812
891.6581 1418.65177
892.55892 1433.66542
893.45974 1448.67907
894.36056 1462.27488
895.26139 1459.44119
896.16221 1456.60749
897.06303 1453.77379
897.96385 1450.9401
898.86467 1448.1064
899.7655 1445.2727
900.66632 1441.68912
901.56714 1435.06757
902.46796 1428.44602
903.36878 1421.82447
904.26961 1415.20292
905.17043 1408.58137
906.07125 1401.95981
906.97207 1395.33476
907.87289 1388.70249
908.77372 1382.07021
909.67454 1375.43793
910.57536 1368.80566
911.47618 1362.17338
912.377 1355.54111
913.27782 1349.98345
914.17865 1345.65683
915.07947 1341.3302
915.98029 1337.00358
916.88111 1332.67696
917.78193 1328.35033
918.68276 1324.02371
919.58358 1320.17555
920.4844 1316.5875
921.38522 1312.99944
922.28604 1309.41138
923.18687 1305.82332
924.08769 1302.23527
924.98851 1298.64721
925.88933 1290.6672
926.79015 1281.72062
927.69098 1272.77405
928.5918 1263.82747
929.49262 1254.88089
930.39344 1245.93432
931.29426 1236.99517
932.19509 1233.46886
933.09591 1229.94255
933.99673 1226.41624
934.89755 1222.88993
935.79837 1219.36363
936.6992 1215.83732
937.60002 1212.08
938.50084 1207.37136
939.40166 1202.66273
940.30248 1197.9541
941.20331 1193.24546
942.10413 1188.53683
943.00495 1183.8282
943.90577 1179.20477
944.80659 1174.70951
945.70742 1170.21424
946.60824 1165.71897
947.50906 1161.22371
948.40988 1156.72844
949.3107 1152.23317
950.21153 1150.95355
951.11235 1151.69168
952.01317 1152.42982
952.91399 1153.16796
953.81481 1153.9061
954.71564 1154.64423
955.61646 1155.38237
956.51728 1160.90639
957.4181 1167.33764
958.31892 1173.76889
959.21975 1180.20015
960.12057 1186.6314
961.02139 1193.06265
961.92221 1199.17062
962.82303 1201.39232
963.72386 1203.61403
964.62468 1205.83573
965.5255 1208.05743
966.42632 1210.27914
967.32714 1212.50084
968.22797 1214.48241
969.12879 1215.96573
970.02961 1217.44905
970.93043 1218.93237
971.83125 1220.4157
972.73207 1221.89902
973.6329 1223.38234
974.53372 1223.65316
975.43454 1223.05885
976.33536 1222.46454
977.23618 1221.87023
978.13701 1221.27592
979.03783 1220.68161
979.93865 1220.0873
980.83947 1218.60367
981.74029 1216.9669
982.64112 1215.33013
983.54194 1213.69336
984.44276 1212.05659
985.34358 1210.41982
986.2444 1208.59501
987.14523 1205.53961
988.04605 1202.48421
988.94687 1199.42881
989.84769 1196.37342
990.74851 1193.31802
991.64934 1190.26262
992.55016 1190.48976
993.45098 1195.19243
994.3518 1199.89511
995.25262 1204.59778
996.15345 1209.30045
997.05427 1214.00313
997.95509 1218.7058
998.85591 1212.79598
999.75673 1202.85659
1000.65756 1192.91721
1001.55838 1182.97783
1002.4592 1173.03844
1003.36002 1163.09906
1004.26084 1153.45125
1005.16167 1152.02732
1006.06249 1150.60339
1006.96331 1149.17946
1007.86413 1147.75553
1008.76495 1146.3316
1009.66578 1144.90768
1010.5666 1146.47258
1011.46742 1153.29244
1012.36824 1160.11231
1013.26906 1166.93218
1014.16989 1173.75204
1015.07071 1180.57191
1015.97153 1187.39178
1016.87235 1199.78594
1017.77317 1214.67432
1018.674 1229.56269
1019.57482 1244.45107
1020.47564 1259.33945
1021.37646 1274.22782
1022.27728 1288.61204
1023.17811 1291.31901
1024.07893 1294.02599
1024.97975 1296.73297
1025.88057 1299.43995
1026.78139 1302.14692
1027.68222 1304.8539
1028.58304 1308.47772
1029.48386 1313.52413
1030.38468 1318.57054
1031.2855 1323.61695
1032.18632 1328.66336
1033.08715 1333.70977
1033.98797 1338.75618
1034.88879 1336.69716
1035.78961 1332.31396
1036.69043 1327.93077
1037.59126 1323.54758
1038.49208 1319.16438
1039.3929 1314.78119
1040.29372 1311.4048
1041.19454 1314.35212
1042.09537 1317.29944
1042.99619 1320.24676
1043.89701 1323.19408
1044.79783 1326.1414
1045.69865 1329.08872
1046.59948 1327.62002
1047.5003 1322.09397
1048.40112 1316.56792
1049.30194 1311.04187
1050.20276 1305.51582
1051.10359 1299.98977
1052.00441 1294.46371
1052.90523 1293.30536
1053.80605 1292.54709
1054.70687 1291.78883
1055.6077 1291.03056
1056.50852 1290.27229
1057.40934 1289.51402
1058.31016 1289.56271
1059.21098 1291.30967
1060.11181 1293.05662
1061.01263 1294.80358
1061.91345 1296.55054
1062.81427 1298.29749
1063.71509 1300.04445
1064.61592 1303.81833
1065.51674 1308.30722
1066.41756 1312.79612
1067.31838 1317.28501
1068.2192 1321.7739
1069.12003 1326.2628
1070.02085 1331.62078
1070.92167 1341.29966
1071.82249 1350.97855
1072.72331 1360.65743
1073.62414 1370.33631
1074.52496 1380.01519
1075.42578 1389.69408
1076.3266 1406.09941
1077.22742 1426.86377
1078.12825 1447.62813
1079.02907 1468.39248
1079.92989 1489.15684
1080.83071 1509.9212
1081.73153 1530.92778
1082.63236 1555.93446
1083.53318 1580.94115
1084.434 1605.94784
1085.33482 1630.95453
1086.23564 1655.96122
1087.13646 1680.96791
1088.03729 1703.84987
1088.93811 1724.76145
1089.83893 1745.67303
1090.73975 1766.58462
1091.64057 1787.4962
1092.5414 1808.40778
1093.44222 1829.31937
1094.34304 1817.42573
1095.24386 1805.24624
1096.14468 1793.06676
1097.04551 1780.88728
1097.94633 1768.7078
1098.84715 1756.52832
1099.74797 1744.68609
1100.64879 1733.23347
1101.54962 1721.78085
1102.45044 1710.32822
1103.35126 1698.8756
1104.25208 1687.42297
1105.1529 1675.97035
1106.05373 1675.94222
1106.95455 1676.40339
1107.85537 1676.86455
1108.75619 1677.32572
1109.65701 1677.78688
1110.55784 1678.24804
1111.45866 1684.48292
1112.35948 1697.67133
1113.2603 1710.85973
1114.16112 1724.04813
1115.06195 1737.23654
1115.96277 1750.42494
1116.86359 1763.61335
1117.76441 1761.15517
1118.66523 1758.22441
1119.56606 1755.29365
1120.46688 1752.3629
1121.3677 1749.43214
1122.26852 1746.50138
1123.16934 1741.75399
1124.07017 1735.09843
1124.97099 1728.44287
1125.87181 1721.78732
1126.77263 1715.13176
1127.67345 1708.4762
1128.57428 1701.31386
1129.4751 1675.85249
1130.37592 1650.39111
1131.27674 1624.92973
1132.17756 1599.46835
1133.07839 1574.00698
1133.97921 1548.5456
1134.88003 1531.13572
1135.78085 1519.89502
1136.68167 1508.65432
1137.5825 1497.41362
1138.48332 1486.17292
1139.38414 1474.93222
1140.28496 1465.66895
1141.18578 1471.41568
1142.08661 1477.1624
1142.98743 1482.90912
1143.88825 1488.65584
1144.78907 1494.40256
1145.68989 1500.14928
1146.59071 1496.04052
1147.49154 1487.25012
1148.39236 1478.45971
1149.29318 1469.66931
1150.194 1460.8789
1151.09482 1452.0885
1151.99565 1443.80179
1152.89647 1437.02225
1153.79729 1430.24271
1154.69811 1423.46317
1155.59893 1416.68362
1156.49976 1409.90408
1157.40058 1403.12454
1158.3014 1383.50767
1159.20222 1361.33801
1160.10304 1339.16836
1161.00387 1316.9987
1161.90469 1294.82904
1162.80551 1272.65938
1163.70633 1254.90133
1164.60715 1243.01569
1165.50798 1231.13005
1166.4088 1219.24441
1167.30962 1207.35877
1168.21044 1195.47313
1169.11126 1184.16312
1170.01209 1188.86306
1170.91291 1193.563
1171.81373 1198.26294
1172.71455 1202.96288
1173.61537 1207.66282
1174.5162 1212.36276
1175.41702 1208.18087
1176.31784 1199.25098
1177.21866 1190.32109
1178.11948 1181.3912
1179.02031 1172.46132
1179.92113 1163.53143
1180.82195 1156.3033
1181.72277 1153.70935
1182.62359 1151.11541
1183.52442 1148.52146
1184.42524 1145.92752
1185.32606 1143.33357
1186.22688 1140.73963
1187.1277 1138.00291
1188.02853 1135.25166
1188.92935 1132.50041
1189.83017 1129.74916
1190.73099 1126.99791
1191.63181 1124.24667
1192.53264 1122.00956
1193.43346 1120.19847
1194.33428 1118.38738
1195.2351 1116.57628
1196.13592 1114.76519
1197.03675 1112.9541
1197.93757 1111.92055
1198.83839 1114.05408
1199.73921 1116.18761
1200.64003 1118.32113
1201.54085 1120.45466
1202.44168 1122.58818
1203.3425 1124.72171
1204.24332 1122.86992
1205.14414 1120.42031
1206.04496 1117.97071
1206.94579 1115.52111
1207.84661 1113.0715
1208.74743 1110.6219
1209.64825 1113.14688
1210.54907 1119.87534
1211.4499 1126.6038
1212.35072 1133.33226
1213.25154 1140.06072
1214.15236 1146.78918
1215.05318 1153.07316
1215.95401 1157.83102
1216.85483 1162.58888
1217.75565 1167.34675
1218.65647 1172.10461
1219.55729 1176.86247
1220.45812 1181.62033
1221.35894 1172.95173
1222.25976 1163.11881
1223.16058 1153.2859
1224.0614 1143.45298
1224.96223 1133.62007
1225.86305 1123.78715
1226.76387 1117.99393
1227.66469 1114.73124
1228.56551 1111.46854
1229.46634 1108.20585
1230.36716 1104.94316
1231.26798 1101.68046
1232.1688 1099.42067
1233.06962 1099.18152
1233.97045 1098.94236
1234.87127 1098.7032
1235.77209 1098.46405
1236.67291 1098.22489
1237.57373 1098.1379
1238.47456 1100.44974
1239.37538 1102.76159
1240.2762 1105.07343
1241.17702 1107.38528
1242.07784 1109.69712
1242.97867 1112.00896
1243.87949 1108.27836
1244.78031 1102.91823
1245.68113 1097.5581
1246.58195 1092.19797
1247.48278 1086.83784
1248.3836 1081.47771
1249.28442 1083.94736
1250.18524 1093.14742
1251.08606 1102.34748
1251.98689 1111.54754
1252.88771 1120.7476
1253.78853 1129.94766
1254.68935 1138.89881
1255.59017 1147.23396
1256.491 1155.56912
1257.39182 1163.90428
1258.29264 1172.23943
1259.19346 1180.57459
1260.09428 1188.65392
1260.9951 1191.78512
1261.89593 1194.91632
1262.79675 1198.04752
1263.69757 1201.17872
1264.59839 1204.30992
1265.49921 1207.44112
1266.40004 1206.48028
1267.30086 1204.63038
1268.20168 1202.78048
1269.1025 1200.93057
1270.00332 1199.08067
1270.90415 1197.23077
1271.80497 1194.16024
1272.70579 1190.29267
1273.60661 1186.4251
1274.50743 1182.55753
1275.40826 1178.68995
1276.30908 1174.82238
1277.2099 1168.30769
1278.11072 1157.81443
1279.01154 1147.32117
1279.91237 1136.82791
1280.81319 1126.33466
1281.71401 1115.8414
1282.61483 1108.22835
1283.51565 1111.78004
1284.41648 1115.33173
1285.3173 1118.88342
1286.21812 1122.43511
1287.11894 1125.98681
1288.01976 1129.56673
1288.92059 1135.72354
1289.82141 1141.88035
1290.72223 1148.03716
1291.62305 1154.19396
1292.52387 1160.35077
1293.4247 1166.50758
1294.32552 1162.40375
1295.22634 1156.32817
1296.12716 1150.25259
1297.02798 1144.17701
1297.92881 1138.10143
1298.82963 1132.02586
1299.73045 1132.75877
1300.63127 1136.89761
1301.53209 1141.03645
1302.43292 1145.17528
1303.33374 1149.31412
1304.23456 1153.45296
1305.13538 1161.58149
1306.0362 1173.61434
1306.93703 1185.6472
1307.83785 1197.68006
1308.73867 1209.71291
1309.63949 1221.74577
1310.54031 1231.09288
1311.44114 1235.57255
1312.34196 1240.05223
1313.24278 1244.5319
1314.1436 1249.01158
1315.04442 1253.49125
1315.94525 1257.38908
1316.84607 1259.18419
1317.74689 1260.97931
1318.64771 1262.77442
1319.54853 1264.56954
1320.44935 1266.36466
1321.35018 1268.15279
1322.251 1269.86942
1323.15182 1271.58605
1324.05264 1273.30268
1324.95346 1275.01931
1325.85429 1276.73594
1326.75511 1278.45257
1327.65593 1285.57421
1328.55675 1292.84945
1329.45757 1300.12469
1330.3584 1307.39994
1331.25922 1314.67518
1332.16004 1321.95042
1333.06086 1308.18652
1333.96168 1290.87565
1334.86251 1273.56477
1335.76333 1256.25389
1336.66415 1238.94301
1337.56497 1221.63214
1338.46579 1207.69402
1339.36662 1194.81341
1340.26744 1181.93281
1341.16826 1169.0522
1342.06908 1156.17159
1342.9699 1143.29099
1343.87073 1128.75039
1344.77155 1113.38052
1345.67237 1098.01066
1346.57319 1082.64079
1347.47401 1067.27093
1348.37484 1051.90107
1349.27566 1044.58707
1350.17648 1043.02257
1351.0773 1041.45807
1351.97812 1039.89357
1352.87895 1038.32907
1353.77977 1036.76457
1354.68059 1032.9632
1355.58141 1027.02382
1356.48223 1021.08445
1357.38306 1015.14507
1358.28388 1009.20569
1359.1847 1003.26632
1360.08552 1000.59513
1360.98634 1001.91746
1361.88717 1003.23979
1362.78799 1004.56212
1363.68881 1005.88445
1364.58963 1007.20678
1365.49045 1009.98415
1366.39128 1014.9428
1367.2921 1019.90145
1368.19292 1024.86011
1369.09374 1029.81876
1369.99456 1034.77741
1370.89539 1039.85862
1371.79621 1045.16733
1372.69703 1050.47605
1373.59785 1055.78476
1374.49867 1061.09347
1375.39949 1066.40218
1376.30032 1067.54055
1377.20114 1059.90913
1378.10196 1052.27772
1379.00278 1044.64631
1379.9036 1037.0149
1380.80443 1029.38348
1381.70525 1022.58026
1382.60607 1017.76046
1383.50689 1012.94065
1384.40771 1008.12084
1385.30854 1003.30103
1386.20936 998.48123
1387.11018 992.10974
1388.011 981.70284
1388.91182 971.29593
1389.81265 960.88902
1390.71347 950.48211
1391.61429 940.0752
1392.51511 932.93122
1393.41593 934.516
1394.31676 936.10077
1395.21758 937.68555
1396.1184 939.27033
1397.01922 940.85511
1397.92004 938.57341
1398.82087 926.22858
1399.72169 913.88375
1400.62251 901.53893
1401.52333 889.1941
1402.42415 876.84928
1403.32498 866.34061
1404.2258 860.48036
1405.12662 854.6201
1406.02744 848.75984
1406.92826 842.89959
1407.82909 837.03933
1408.72991 834.3267
1409.63073 838.5964
1410.53155 842.86609
1411.43237 847.13579
1412.3332 851.40548
1413.23402 855.67518
1414.13484 858.64192
1415.03566 859.06129
1415.93648 859.48067
1416.83731 859.90005
1417.73813 860.31943
1418.63895 860.7388
1419.53977 860.42842
1420.44059 858.91302
1421.34142 857.39762
1422.24224 855.88222
1423.14306 854.36682
1424.04388 852.85141
1424.9447 851.18997
1425.84553 849.34127
1426.74635 847.49257
1427.64717 845.64387
1428.54799 843.79517
1429.44881 841.94647
1430.34964 838.36548
1431.25046 832.9673
1432.15128 827.56911
1433.0521 822.17093
1433.95292 816.77275
1434.85374 811.37456
1435.75457 815.38992
1436.65539 826.79808
1437.55621 838.20623
1438.45703 849.61439
1439.35785 861.02255
1440.25868 872.43071
1441.1595 880.52279
1442.06032 886.77615
1442.96114 893.02951
1443.86196 899.28287
1444.76279 905.53623
1445.66361 911.78959
1446.56443 917.37492
1447.46525 922.70873
1448.36607 928.04255
1449.2669 933.37636
1450.16772 938.71017
1451.06854 944.04399
1451.96936 952.58856
1452.87018 961.83428
1453.77101 971.08001
1454.67183 980.32573
1455.57265 989.57146
1456.47347 998.81718
1457.37429 1000.36578
1458.27512 1001.30059
1459.17594 1002.23541
1460.07676 1003.17022
1460.97758 1004.10504
1461.8784 1004.79673
1462.77923 1000.02867
1463.68005 995.26062
1464.58087 990.49256
1465.48169 985.7245
1466.38251 980.95645
1467.28334 976.24636
1468.18416 971.81888
1469.08498 967.3914
1469.9858 962.96392
1470.88662 958.53644
1471.78745 954.10896
1472.68827 947.64023
1473.58909 936.35837
1474.48991 925.07652
1475.39073 913.79466
1476.29156 902.51281
1477.19238 891.23095
1478.0932 880.67628
1478.99402 871.0187
1479.89484 861.36111
1480.79567 851.70353
1481.69649 842.04594
1482.59731 832.38836
1483.49813 824.15198
1484.39895 816.87348
1485.29978 809.59497
1486.2006 802.31647
1487.10142 795.03796
1488.00224 787.75946
1488.90306 784.56882
1489.80388 782.68138
1490.70471 780.79395
1491.60553 778.90651
1492.50635 777.01907
1493.40717 775.13164
1494.30799 772.52592
1495.20882 769.86635
1496.10964 767.20678
1497.01046 764.54721
1497.91128 761.88764
1498.8121 758.86601
1499.71293 752.66532
1500.61375 746.46464
1501.51457 740.26395
1502.41539 734.06326
1503.31621 727.86258
1504.21704 722.42779
1505.11786 718.81079
1506.01868 715.19379
1506.9195 711.5768
1507.82032 707.9598
1508.72115 704.3428
1509.62197 703.98139
1510.52279 707.00144
1511.42361 710.0215
1512.32443 713.04155
1513.22526 716.06161
1514.12608 719.08166
1515.0269 714.94629
1515.92772 707.68439
1516.82854 700.42249
1517.72937 693.16058
1518.63019 685.89868
1519.53101 678.63677
1520.43183 671.67834
1521.33265 664.74907
1522.23348 657.8198
1523.1343 650.89054
1524.03512 643.96127
1524.93594 638.76233
1525.83676 644.21933
1526.73759 649.67634
1527.63841 655.13335
1528.53923 660.59035
1529.44005 666.04736
1530.34087 668.63767
1531.2417 666.28992
1532.14252 663.94217
1533.04334 661.59443
1533.94416 659.24668
1534.84498 656.89893
1535.74581 657.66339
1536.64663 660.35885
1537.54745 663.05431
1538.44827 665.74976
1539.34909 668.44522
1540.24992 671.14068
1541.15074 677.54052
1542.05156 684.51013
1542.95238 691.47974
1543.8532 698.44935
1544.75403 705.41896
1545.65485 711.31118
1546.55567 709.83014
1547.45649 708.3491
1548.35731 706.86805
1549.25813 705.38701
1550.15896 703.90597
1551.05978 702.76229
1551.9606 702.15008
1552.86142 701.53787
1553.76224 700.92566
1554.66307 700.31345
1555.56389 699.70124
1556.46471 702.55291
1557.36553 707.10075
1558.26635 711.64859
1559.16718 716.19643
1560.068 720.74426
1560.96882 725.2921
1561.86964 724.91464
1562.77046 724.30124
1563.67129 723.68784
1564.57211 723.07444
1565.47293 722.46104
1566.37375 724.02816
1567.27457 732.19351
1568.1754 740.35886
1569.07622 748.5242
1569.97704 756.68955
1570.87786 764.85489
1571.77868 771.61678
1572.67951 777.24691
1573.58033 782.87705
1574.48115 788.50719
1575.38197 794.13733
1576.28279 799.76746
1577.18362 817.44512
1578.08444 836.92473
1578.98526 856.40435
1579.88608 875.88396
1580.7869 895.36358
1581.68773 916.11266
1582.58855 942.02672
1583.48937 967.94077
1584.39019 993.85483
1585.29101 1019.76889
1586.19184 1045.68294
1587.09266 1068.79698
1587.99348 1089.37458
1588.8943 1109.95218
1589.79512 1130.52978
1590.69595 1151.10738
1591.59677 1171.68498
1592.49759 1190.2348
1593.39841 1208.46326
1594.29923 1226.69171
1595.20006 1244.92017
1596.10088 1263.14862
1597.0017 1277.99032
1597.90252 1280.29562
1598.80334 1282.60092
1599.70417 1284.90622
1600.60499 1287.21152
1601.50581 1289.51682
1602.40663 1277.07573
1603.30745 1253.66854
1604.20828 1230.26136
1605.1091 1206.85417
1606.00992 1183.44699
1606.91074 1160.0398
1607.81156 1130.30931
1608.71238 1100.13355
1609.61321 1069.95779
1610.51403 1039.78204
1611.41485 1009.60628
1612.31567 982.76149
1613.21649 963.08939
1614.11732 943.41729
1615.01814 923.74519
1615.91896 904.07309
1616.81978 884.40099
1617.7206 864.20213
1618.62143 843.77756
1619.52225 823.35298
1620.42307 802.9284
1621.32389 782.50382
1622.22471 762.81733
1623.12554 750.24125
1624.02636 737.66517
1624.92718 725.08909
1625.828 712.51301
1626.72882 699.93693
1627.62965 687.90493
1628.53047 676.44341
1629.43129 664.98189
1630.33211 653.52036
1631.23293 642.05884
1632.13376 630.59732
1633.03458 617.59712
1633.9354 604.43402
1634.83622 591.27091
1635.73704 578.10781
1636.63787 564.9447
1637.53869 557.35143
1638.43951 561.56842
1639.34033 565.78542
1640.24115 570.00241
1641.14198 574.21941
1642.0428 578.4364
1642.94362 575.06298
1643.84444 569.12943
1644.74526 563.19587
1645.64609 557.26231
1646.54691 551.32875
1647.44773 546.51674
1648.34855 546.60664
1649.24937 546.69654
1650.1502 546.78645
1651.05102 546.87635
1651.95184 546.96625
1652.85266 549.1424
1653.75348 552.57238
1654.65431 556.00236
1655.55513 559.43235
1656.45595 562.86233
1657.35677 566.75387
1658.25759 575.59961
1659.15842 584.44536
1660.05924 593.29111
1660.96006 602.13685
1661.86088 610.9826
1662.7617 607.60967
1663.66252 594.07027
1664.56335 580.53086
1665.46417 566.99145
1666.36499 553.45204
1667.26581 539.96316
1668.16663 534.25372
1669.06746 528.54429
1669.96828 522.83485
1670.8691 517.12542
1671.76992 511.41598
1672.67074 506.01188
1673.57157 500.92649
1674.47239 495.8411
1675.37321 490.75571
1676.27403 485.67032
1677.17485 480.58494
1678.07568 475.49975
1678.9765 470.41457
1679.87732 465.32938
1680.77814 460.2442
1681.67896 455.15902
1682.57979 449.02698
1683.48061 441.74761
1684.38143 434.46824
1685.28225 427.18887
1686.18307 419.9095
1687.0839 412.63013
1687.98472 420.98972
1688.88554 429.63397
1689.78636 438.27822
1690.68718 446.92247
1691.58801 455.56672
1692.48883 453.54665
1693.38965 440.29927
1694.29047 427.05188
1695.19129 413.8045
1696.09212 400.55712
1696.99294 387.5761
1697.89376 392.87506
1698.79458 398.17401
1699.6954 403.47296
1700.59623 408.77192
1701.49705 414.07087
1702.39787 411.9882
1703.29869 403.65743
1704.19951 395.32665
1705.10034 386.99588
1706.00116 378.66511
1706.90198 371.23456
1707.8028 374.17003
1708.70362 377.10549
1709.60445 380.04096
1710.50527 382.97643
1711.40609 385.9119
1712.30691 385.0949
1713.20773 382.0677
1714.10856 379.0405
1715.00938 376.01329
1715.9102 372.98609
1716.81102 369.46275
1717.71184 363.65991
1718.61267 357.85707
1719.51349 352.05422
1720.41431 346.25138
1721.31513 340.44854
1722.21595 342.17926
1723.11677 346.41617
1724.0176 350.65308
1724.91842 354.88999
1725.81924 359.1269
1726.72006 364.04583
1727.62088 370.40159
1728.52171 376.75734
1729.42253 383.11309
1730.32335 389.46884
1731.22417 395.8246
1732.12499 382.20007
1733.02582 366.19984
1733.92664 350.19961
1734.82746 334.19939
1735.72828 318.19916
1736.6291 315.63638
1737.52993 327.19676
1738.43075 338.75714
1739.33157 350.31752
1740.23239 361.8779
1741.13321 372.47743
1742.03404 372.1994
1742.93486 371.92136
1743.83568 371.64332
1744.7365 371.36528
1745.63732 371.08725
1746.53815 369.08821
1747.43897 366.30216
1748.33979 363.51611
1749.24061 360.73007
1750.14143 357.94402
1751.04226 356.16875
1751.94308 356.72711
1752.8439 357.28548
1753.74472 357.84384
1754.64554 358.4022
1755.54637 358.96056
1756.44719 357.01081
1757.34801 354.87043
1758.24883 352.73005
1759.14965 350.58967
1760.05048 348.44928
1760.9513 343.19278
1761.85212 335.4528
1762.75294 327.71282
1763.65376 319.97284
1764.55459 312.23286
1765.45541 306.54587
1766.35623 309.34926
1767.25705 312.15265
1768.15787 314.95604
1769.0587 317.75943
1769.95952 320.56281
1770.86034 318.79155
1771.76116 316.17505
1772.66198 313.55856
1773.56281 310.94206
1774.46363 308.32556
1775.36445 306.07406
1776.26527 304.19735
1777.16609 302.32064
1778.06692 300.44393
1778.96774 298.56721
1779.86856 296.86073
1780.76938 296.01621
1781.6702 295.17168
1782.57102 294.32716
1783.47185 293.48264
1784.37267 292.63812
1785.27349 296.81696
1786.17431 301.97803
1787.07513 307.1391
1787.97596 312.30016
1788.87678 317.46123
1789.7776 316.31358
1790.67842 309.05815
1791.57924 301.80273
1792.48007 294.54731
1793.38089 287.29189
1794.28171 282.62143
1795.18253 288.1809
1796.08335 293.74037
1796.98418 299.29983
1797.885 304.8593
1798.78582 310.41877
1799.68664 314.29759
1800.58746 317.9802
1801.48829 321.66281
1802.38911 325.34541
1803.28993 329.02802
1804.19075 325.04704
1805.09157 315.96312
1805.9924 306.8792
1806.89322 297.79528
1807.79404 288.71136
1808.69486 284.47488
1809.59568 290.72008
1810.49651 296.96527
1811.39733 303.21047
1812.29815 309.45566
1813.19897 315.27128
1814.09979 308.15952
1815.00062 301.04777
1815.90144 293.93602
1816.80226 286.82427
1817.70308 279.71251
1818.6039 281.24638
1819.50473 285.52243
1820.40555 289.79849
1821.30637 294.07454
1822.20719 298.35059
1823.10801 304.14662
1824.00884 311.47889
1824.90966 318.81116
1825.81048 326.14344
1826.7113 333.47571
1827.61212 337.00418
1828.51295 328.91011
1829.41377 320.81605
1830.31459 312.72198
1831.21541 304.62791
1832.11623 296.53385
1833.01706 297.45027
1833.91788 298.40453
1834.8187 299.35879
1835.71952 300.31305
1836.62034 301.26731
1837.52116 298.53527
1838.42199 294.61449
1839.32281 290.69372
1840.22363 286.77294
1841.12445 282.85217
1842.02527 283.98311
1842.9261 289.6372
1843.82692 295.2913
1844.72774 300.94539
1845.62856 306.59949
1846.52938 312.8183
1847.43021 320.2932
1848.33103 327.76811
1849.23185 335.24302
1850.13267 342.71792
1851.03349 348.41404
1851.93432 336.69759
1852.83514 324.98114
1853.73596 313.26469
1854.63678 301.54825
1855.5376 289.8318
1856.43843 288.4147
1857.33925 288.31845
1858.24007 288.22221
1859.14089 288.12597
1860.04171 288.02972
1860.94254 294.85151
1861.84336 304.76419
1862.74418 314.67687
1863.645 324.58955
1864.54582 334.50223
1865.44665 337.68281
1866.34747 334.0178
1867.24829 330.35278
1868.14911 326.68777
1869.04993 323.02275
1869.95076 318.2407
1870.85158 310.9916
1871.7524 303.74249
1872.65322 296.49339
1873.55404 289.24428
1874.45487 284.06069
1875.35569 291.71283
1876.25651 299.36497
1877.15733 307.01712
1878.05815 314.66926
1878.95898 322.3214
1879.8598 316.72929
1880.76062 310.82067
1881.66144 304.91205
1882.56226 299.00343
1883.46309 293.09482
1884.36391 292.23725
1885.26473 292.52847
1886.16555 292.81968
1887.06637 293.1109
1887.9672 293.40211
1888.86802 292.72503
1889.76884 291.55766
1890.66966 290.39029
1891.57048 289.22292
1892.47131 288.05554
1893.37213 287.70394
1894.27295 288.09307
1895.17377 288.48219
1896.07459 288.87131
1896.97541 289.26044
1897.87624 290.5492
1898.77706 293.27897
1899.67788 296.00873
1900.5787 298.73849
1901.47952 301.46826
1902.38035 303.02532
1903.28117 301.16896
1904.18199 299.3126
1905.08281 297.45624
1905.98363 295.59989
1906.88446 294.14881
1907.78528 295.22588
1908.6861 296.30295
1909.58692 297.38002
1910.48774 298.45709
1911.38857 299.23607
1912.28939 290.91326
1913.19021 282.59045
1914.09103 274.26764
1914.99185 265.94482
1915.89268 257.62201
1916.7935 253.54979
1917.69432 249.8209
1918.59514 246.092
1919.49596 242.36311
1920.39679 238.63422
1921.29761 244.69256
1922.19843 252.75669
1923.09925 260.82081
1924.00007 268.88494
1924.9009 276.94907
1925.80172 275.26009
1926.70254 270.24459
1927.60336 265.2291
1928.50418 260.21361
1929.40501 255.19811
1930.30583 254.0867
1931.20665 254.97373
1932.10747 255.86075
1933.00829 256.74777
1933.90912 257.6348
1934.80994 258.17432
1935.71076 258.47064
1936.61158 258.76697
1937.5124 259.06329
1938.41323 259.35961
1939.31405 257.62876
1940.21487 254.07288
1941.11569 250.51701
1942.01651 246.96113
1942.91734 243.40526
1943.81816 237.41033
1944.71898 228.60009
1945.6198 219.78986
1946.52062 210.97962
1947.42145 202.16938
1948.32227 199.45991
1949.22309 205.41248
1950.12391 211.36505
1951.02473 217.31762
1951.92555 223.27019
1952.82638 227.63117
1953.7272 229.32145
1954.62802 231.01174
1955.52884 232.70202
1956.42966 234.39231
1957.33049 233.51234
1958.23131 227.74548
1959.13213 221.97863
1960.03295 216.21178
1960.93377 210.44493
1961.8346 203.32025
1962.73542 193.25554
1963.63624 183.19082
1964.53706 173.12611
1965.43788 163.06139
1966.33871 159.06945
1967.23953 169.35577
1968.14035 179.64209
1969.04117 189.92841
1969.94199 200.21473
1970.84282 208.46152
1971.74364 211.75721
1972.64446 215.0529
1973.54528 218.34859
1974.4461 221.64428
1975.34693 223.94291
1976.24775 223.74272
1977.14857 223.54254
1978.04939 223.34236
1978.95021 223.14217
1979.85104 220.67451
1980.75186 212.64937
1981.65268 204.62423
1982.5535 196.59909
1983.45432 188.57395
1984.35515 181.43733
1985.25597 176.32119
1986.15679 171.20505
1987.05761 166.08891
1987.95843 160.97277
1988.85926 158.27504
1989.76008 160.6879
1990.6609 163.10077
1991.56172 165.51363
1992.46254 167.92649
1993.36337 169.39484
1994.26419 169.09255
1995.16501 168.79027
1996.06583 168.48798
1996.96665 168.18569
1997.86748 164.92258
1998.7683 156.94445
1999.66912 148.96632
2000.56994 140.98819
2001.47076 133.01006
2002.37159 130.03652
2003.27241 133.57122
2004.17323 137.10591
2005.07405 140.64061
2005.97487 144.1753
2006.8757 148.88891
2007.77652 154.86052
2008.67734 160.83213
2009.57816 166.80373
2010.47898 172.77534
2011.3798 171.8127
2012.28063 165.03124
2013.18145 158.24977
2014.08227 151.4683
2014.98309 144.68683
2015.88391 138.38615
2016.78474 132.40096
2017.68556 126.41577
2018.58638 120.43058
2019.4872 114.44539
2020.38802 114.49015
2021.28885 117.43866
2022.18967 120.38718
2023.09049 123.33569
2023.99131 126.28421
2024.89213 128.46613
2025.79296 130.40228
2026.69378 132.33844
2027.5946 134.27459
2028.49542 136.21075
2029.39624 134.67974
2030.29707 132.53977
2031.19789 130.39981
2032.09871 128.25985
2032.99953 126.11989
2033.90035 128.4103
2034.80118 130.96365
2035.702 133.517
2036.60282 136.07035
2037.50364 138.52969
2038.40446 139.14249
2039.30529 139.7553
2040.20611 140.3681
2041.10693 140.9809
2042.00775 141.28035
2042.90857 139.84396
2043.8094 138.40757
2044.71022 136.97118
2045.61104 135.53479
2046.51186 133.12305
2047.41268 128.19817
2048.31351 123.27329
2049.21433 118.34841
2050.11515 113.42353
2051.01597 111.83417
2051.91679 115.11727
2052.81762 118.40038
2053.71844 121.68348
2054.61926 124.96658
2055.52008 125.67792
2056.4209 124.13539
2057.32173 122.59285
2058.22255 121.05031
2059.12337 119.50777
2060.02419 119.89881
2060.92501 121.23868
2061.82584 122.57854
2062.72666 123.9184
2063.62748 125.25827
2064.5283 123.38326
2065.42912 120.80057
2066.32995 118.21788
2067.23077 115.63519
2068.13159 113.0525
2069.03241 112.59519
2069.93323 112.18198
2070.83405 111.76876
2071.73488 111.35555
2072.6357 111.91021
2073.53652 118.43326
2074.43734 124.9563
2075.33816 131.47934
2076.23899 138.00239
2077.13981 140.88874
2078.04063 135.69955
2078.94145 130.51037
2079.84227 125.32118
2080.7431 120.13199
2081.64392 116.11915
2082.54474 113.31705
2083.44556 110.51496
2084.34638 107.71286
2085.24721 104.91076
2086.14803 112.35493
2087.04885 124.73315
2087.94967 137.11136
2088.85049 149.48957
2089.75132 161.86779
2090.65214 158.431
2091.55296 152.59207
2092.45378 146.75314
2093.3546 140.91421
2094.25543 135.64409
2095.15625 137.62502
2096.05707 139.60595
2096.95789 141.58688
2097.85871 143.56781
2098.75954 143.89998
2099.66036 139.92893
2100.56118 135.95789
2101.462 131.98684
2102.36282 128.01579
2103.26365 125.6398
2104.16447 124.90824
2105.06529 124.17668
2105.96611 123.44512
2106.86693 122.71356
2107.76776 127.02432
2108.66858 133.41388
2109.5694 139.80343
2110.47022 146.19298
2111.37104 152.58253
2112.27187 139.26196
2113.17269 124.56357
2114.07351 109.86519
2114.97433 95.1668
2115.87515 85.4288
2116.77598 99.53045
2117.6768 113.63211
2118.57762 127.73376
2119.47844 141.83541
2120.37926 147.12008
2121.28009 140.27973
2122.18091 133.43937
2123.08173 126.59902
2123.98255 119.75867
2124.88337 121.45654
2125.78419 127.36357
2126.68502 133.2706
2127.58584 139.17763
2128.48666 145.08466
2129.38748 145.30387
2130.2883 145.09291
2131.18913 144.88195
2132.08995 144.67099
2132.99077 142.69714
2133.89159 133.18142
2134.79241 123.66569
2135.69324 114.14997
2136.59406 104.63424
2137.49488 102.03748
2138.3957 107.54839
2139.29652 113.0593
2140.19735 118.57021
2141.09817 124.08112
2141.99899 127.15645
2142.89981 129.38726
2143.80063 131.61807
2144.70146 133.84888
2145.60228 135.96585
2146.5031 135.00979
2147.40392 134.05373
2148.30474 133.09767
2149.20557 132.1416
2150.10639 128.2156
2151.00721 118.22983
2151.90803 108.24407
2152.80885 98.25831
2153.70968 88.27255
2154.6105 93.06685
2155.51132 106.83534
2156.41214 120.60383
2157.31296 134.37232
2158.21379 148.1408
2159.11461 140.29373
2160.01543 131.00801
2160.91625 121.72229
2161.81707 112.43656
2162.7179 105.39174
2163.61872 104.96379
2164.51954 104.53585
2165.42036 104.1079
2166.32118 103.67996
2167.22201 106.59987
2168.12283 111.9493
2169.02365 117.29872
2169.92447 122.64815
2170.82529 127.99757
2171.72612 123.54464
2172.62694 118.07563
2173.52776 112.60661
2174.42858 107.1376
2175.3294 103.05222
2176.23023 103.2667
2177.13105 103.48118
2178.03187 103.69566
2178.93269 103.91014
2179.83351 102.93562
2180.73434 101.10376
2181.63516 99.2719
2182.53598 97.44004
2183.4368 95.60818
2184.33762 98.63567
2185.23844 101.96815
2186.13927 105.30062
2187.04009 108.6331
2187.94091 113.44099
2188.84173 121.86554
2189.74255 130.29009
2190.64338 138.71464
2191.5442 147.13919
2192.44502 147.64594
2193.34584 144.08145
2194.24666 140.51696
2195.14749 136.95247
2196.04831 133.19037
2196.94913 123.33739
2197.84995 113.48441
2198.75077 103.63144
2199.6516 93.77846
2200.55242 90.3729
2201.45324 96.11103
2202.35406 101.84917
2203.25488 107.5873
2204.15571 113.32543
2205.05653 115.62214
2205.95735 117.0331
2206.85817 118.44406
2207.75899 119.85502
2208.65982 120.95898
2209.56064 120.74139
2210.46146 120.52379
2211.36228 120.3062
2212.2631 120.0886
2213.16393 117.35573
2214.06475 112.89525
2214.96557 108.43476
2215.86639 103.97428
2216.76721 99.5138
2217.66804 97.76042
2218.56886 96.01545
2219.46968 94.27047
2220.3705 92.52549
2221.27132 95.46656
2222.17215 105.08676
2223.07297 114.70695
2223.97379 124.32715
2224.87461 133.94735
2225.77543 128.34888
2226.67626 119.82147
2227.57708 111.29407
2228.4779 102.76666
2229.37872 98.06886
2230.27954 103.98653
2231.18037 109.90419
2232.08119 115.82186
2232.98201 121.73952
2233.88283 117.80312
2234.78365 109.69373
2235.68448 101.58433
2236.5853 93.47494
2237.48612 87.6219
2238.38694 95.64161
2239.28776 103.66132
2240.18858 111.68103
2241.08941 119.70074
2241.99023 121.0554
2242.89105 117.75165
2243.79187 114.4479
2244.69269 111.14415
2245.59352 108.05852
2246.49434 109.26992
2247.39516 110.48133
2248.29598 111.69273
2249.1968 112.90414
2250.09763 111.01977
2250.99845 106.13859
2251.89927 101.25741
2252.80009 96.37623
2253.70091 91.50203
2254.60174 93.49892
2255.50256 95.49582
2256.40338 97.49272
2257.3042 99.48961
2258.20502 98.0277
2259.10585 93.02326
2260.00667 88.01882
2260.90749 83.01437
2261.80831 78.00993
2262.70913 73.54934
2263.60996 69.08982
2264.51078 64.63031
2265.4116 60.17079
2266.31242 60.68938
2267.21324 65.92957
2268.11407 71.16976
2269.01489 76.40995
2269.91571 81.45517
2270.81653 79.89047
2271.71735 78.32576
2272.61818 76.76106
2273.519 75.19636
2274.41982 76.98716
2275.32064 81.46886
2276.22146 85.95057
2277.12229 90.43227
2278.02311 93.16498
2278.92393 78.71186
2279.82475 64.25873
2280.72557 49.8056
2281.6264 35.35248
2282.52722 34.59715
2283.42804 41.89808
2284.32886 49.199
2285.22968 56.49993
2286.13051 63.14042
2287.03133 66.73472
2287.93215 70.32902
2288.83297 73.92333
2289.73379 77.51763
2290.63462 76.3725
2291.53544 73.44483
2292.43626 70.51716
2293.33708 67.58949
2294.2379 66.0171
2295.13873 67.82326
2296.03955 69.62942
2296.94037 71.43558
2297.84119 73.24174
2298.74201 74.1772
2299.64283 74.9674
2300.54366 75.75759
2301.44448 76.54779
2302.3453 73.66
2303.24612 65.85117
2304.14694 58.04234
2305.04777 50.23351
2305.94859 42.58623
2306.84941 51.52655
2307.75023 60.46687
2308.65105 69.40719
2309.55188 78.34751
2310.4527 76.09493
2311.35352 66.11101
2312.25434 56.12709
2313.15516 46.14316
2314.05599 38.85975
2314.95681 43.52286
2315.85763 48.18597
2316.75845 52.84908
2317.65927 57.51219
2318.5601 55.00381
2319.46092 50.56794
2320.36174 46.13207
2321.26256 41.69621
2322.16338 41.28075
2323.06421 47.09633
2323.96503 52.91191
2324.86585 58.72749
2325.76667 64.49916
2326.66749 64.38513
2327.56832 64.2711
2328.46914 64.15707
2329.36996 64.04304
2330.27078 59.23181
2331.1716 51.57234
2332.07243 43.91287
2332.97325 36.25341
2333.87407 30.89926
2334.77489 32.5037
2335.67571 34.10814
2336.57654 35.71257
2337.47736 37.31701
2338.37818 40.3431
2339.279 43.55222
2340.17982 46.76134
2341.08065 49.97045
2341.98147 49.21477
2342.88229 44.84843
2343.78311 40.48209
2344.68393 36.11575
2345.58476 33.9059
2346.48558 42.0843
2347.3864 50.2627
2348.28722 58.4411
2349.18804 66.6195
2350.08887 67.42549
2350.98969 66.7343
2351.89051 66.04311
2352.79133 65.35193
2353.69215 64.94346
2354.59298 64.82826
2355.4938 64.71306
2356.39462 64.59786
2357.29544 64.63937
2358.19626 65.56564
2359.09708 66.49191
2359.99791 67.41818
2360.89873 68.34446
2361.79955 64.84834
2362.70037 60.45972
2363.60119 56.0711
2364.50202 51.68248
2365.40284 51.60074
2366.30366 55.77971
2367.20448 59.95867
2368.1053 64.13763
2369.00613 66.22967
2369.90695 59.72873
2370.80777 53.22778
2371.70859 46.72684
2372.60941 40.22589
2373.51024 42.4905
2374.41106 45.85688
2375.31188 49.22327
2376.2127 52.58966
2377.11352 51.15228
2378.01435 46.25131
2378.91517 41.35034
2379.81599 36.44937
2380.71681 31.00068
2381.61763 24.25051
2382.51846 17.50034
2383.41928 10.75017
2384.3201 4
