200.38 5378.40
202.76 5245.60
205.14 5213.20
207.51 5040.00
209.89 4980.60
212.26 4818.80
214.63 4597.40
217.01 4458.00
219.38 4397.00
221.75 4344.60
224.11 4474.20
226.48 4688.40
228.85 5322.60
231.21 6609.80
233.58 8586.60
235.94 10432.40
238.30 10245.40
240.66 7790.00
243.02 5759.40
245.38 4738.20
247.74 4337.00
250.09 4208.20
252.45 4157.40
254.81 4254.00
257.16 4258.00
259.51 4413.80
261.86 4723.00
264.21 5117.40
266.56 6044.60
268.91 7251.00
271.26 8603.60
273.61 8928.20
275.95 7643.00
278.30 5973.60
280.64 4862.60
282.98 4144.60
285.32 3842.00
287.66 3557.00
290.00 3456.60
292.34 3378.20
294.68 3286.60
297.01 3305.60
299.35 3307.40
301.68 3251.20
304.02 3274.40
306.35 3282.00
308.68 3455.80
311.01 3597.60
313.34 3745.60
315.67 3983.60
317.99 4004.60
320.32 3983.80
322.64 3795.20
324.97 3488.80
327.29 3338.60
329.61 3155.80
331.93 3079.60
334.25 3028.60
336.57 2918.40
338.89 2927.60
341.21 2957.80
343.52 2878.60
345.84 2890.60
348.15 2824.00
350.46 2875.40
352.77 2909.00
355.09 2939.80
357.39 3079.80
359.70 3235.40
362.01 3528.80
364.32 3595.80
366.62 3349.60
368.93 3111.00
371.23 2894.20
373.53 2827.60
375.84 2852.40
378.14 2749.80
380.44 2774.80
382.74 2740.00
385.03 2720.80
387.33 2797.40
389.63 2714.80
391.92 2731.00
394.21 2789.00
396.51 2773.60
398.80 2849.40
401.09 2842.00
403.38 2910.80
405.67 2899.80
407.95 2808.00
410.24 2908.80
412.53 2932.80
414.81 3033.20
417.10 3273.20
419.38 3576.20
421.66 4086.40
423.94 4761.20
426.22 5069.40
428.50 4852.00
430.78 4022.00
433.05 3366.40
435.33 3051.60
437.60 2838.60
439.88 2776.80
442.15 2718.40
444.42 2680.60
446.69 2709.40
448.96 2707.60
451.23 2775.40
453.50 2873.00
455.77 2877.00
458.03 3074.60
460.30 3283.80
462.56 3331.40
464.82 3222.00
467.09 2967.40
469.35 2846.60
471.61 2716.00
473.87 2640.20
476.12 2637.40
478.38 2561.20
480.64 2607.40
482.89 2556.40
485.15 2536.20
487.40 2540.80
489.65 2509.80
491.90 2507.00
494.15 2562.20
496.40 2493.40
498.65 2525.20
500.90 2464.40
503.14 2511.40
505.39 2530.80
507.63 2521.60
509.88 2534.80
512.12 2585.80
514.36 2700.40
516.60 2945.00
518.84 3297.00
521.08 3300.00
523.32 2878.60
525.55 2593.20
527.79 2514.60
530.02 2489.20
532.26 2469.20
534.49 2441.00
536.72 2508.80
538.95 2440.20
541.18 2471.20
543.41 2421.40
545.64 2465.80
547.87 2419.80
550.09 2385.40
552.32 2393.00
554.54 2432.80
556.77 2483.40
558.99 2421.20
561.21 2418.80
563.43 2444.40
565.65 2419.60
567.87 2476.60
570.08 2476.00
572.30 2466.60
574.52 2481.80
576.73 2477.60
578.94 2512.40
581.16 2510.20
583.37 2573.80
585.58 2733.00
587.79 3097.40
590.00 3875.40
592.21 5166.00
594.41 4877.60
596.62 3473.00
598.82 2778.20
601.03 2618.60
603.23 2589.80
605.43 2556.20
607.63 2590.40
609.84 2654.40
612.03 2865.80
614.23 3401.40
616.43 4450.80
618.63 7281.60
620.82 11409.00
623.02 8373.60
625.21 4169.60
627.40 3038.80
629.60 2685.00
631.79 2633.80
633.98 2532.20
636.17 2598.40
638.35 2567.20
640.54 2557.00
642.73 2560.40
644.91 2519.20
647.10 2470.20
649.28 2527.80
651.46 2477.00
653.64 2464.80
655.82 2434.80
658.00 2448.60
660.18 2477.20
662.36 2438.60
664.54 2464.60
666.71 2462.20
668.89 2470.20
671.06 2504.60
673.23 2465.00
675.41 2482.00
677.58 2447.40
679.75 2450.80
681.92 2480.80
684.09 2471.80
686.25 2491.80
688.42 2486.40
690.59 2449.40
692.75 2520.40
694.91 2565.20
697.08 2647.00
699.24 2835.00
701.40 2800.60
703.56 2628.40
705.72 2507.40
707.88 2477.80
710.03 2516.20
712.19 2461.00
714.35 2469.80
716.50 2510.40
718.65 2483.20
720.81 2574.60
722.96 2528.00
725.11 2582.20
727.26 2619.60
729.41 2589.00
731.56 2642.00
733.70 2654.00
735.85 2619.80
738.00 2730.80
740.14 2886.80
742.28 3336.20
744.43 4319.20
746.57 6375.20
748.71 8010.00
750.85 6415.60
752.99 4084.40
755.13 3138.80
757.26 2737.80
759.40 2689.00
761.54 2560.60
763.67 2538.60
765.80 2508.20
767.94 2438.60
770.07 2460.00
772.20 2464.20
774.33 2467.80
776.46 2538.80
778.59 2499.00
780.71 2595.00
782.84 2663.40
784.96 2661.00
787.09 2846.00
789.21 3047.80
791.34 3362.60
793.46 3923.80
795.58 4971.60
797.70 6586.80
799.82 8497.00
801.94 9026.00
804.05 7140.80
806.17 5894.60
808.28 6340.40
810.40 7190.20
812.51 6264.60
814.63 4546.20
816.74 3680.60
818.85 3370.00
820.96 3441.20
823.07 3707.60
825.18 4264.20
827.28 5157.60
829.39 6865.80
831.50 9852.20
833.60 14734.40
835.70 20972.00
837.81 20956.80
839.91 14993.00
842.01 10991.60
844.11 7549.20
846.21 4794.20
848.31 3860.40
850.41 3366.00
852.50 3203.80
854.60 3070.20
856.69 2967.60
858.79 2911.60
860.88 2825.40
862.97 2777.80
865.06 2677.20
867.15 2649.20
869.24 2697.60
871.33 2636.00
873.42 2664.80
875.51 2687.80
877.59 2727.20
879.68 2839.60
881.76 3074.40
883.85 3411.00
885.93 3709.00
888.01 3764.00
890.09 3808.00
892.17 4044.60
894.25 4140.40
896.33 3767.00
898.41 3257.60
900.48 2973.20
902.56 2810.40
904.63 2738.60
906.71 2808.40
908.78 2979.80
910.85 3321.60
912.92 4051.00
914.99 4402.00
917.06 3903.20
919.13 3546.00
921.20 3729.00
923.27 4279.00
925.33 4381.60
927.40 3906.40
929.46 3378.00
931.52 3011.40
933.59 2851.60
935.65 2708.60
937.71 2742.60
939.77 2716.20
941.83 2686.00
943.89 2674.00
945.94 2716.20
948.00 2679.80
950.05 2666.00
952.11 2592.20
954.16 2640.20
956.22 2597.40
958.27 2575.00
960.32 2558.20
962.37 2560.80
964.42 2616.60
966.47 2668.60
968.51 2763.80
970.56 2828.00
972.61 2754.60
974.65 2782.60
976.70 2914.20
978.74 3204.60
980.78 3810.00
982.82 4940.60
984.87 6720.80
986.91 7643.80
988.94 6220.00
990.98 5108.00
993.02 4994.60
995.06 5317.60
997.09 7698.40
999.13 15899.00
1001.16 37583.00
1003.19 53350.80
1005.23 25188.00
1007.26 8696.40
1009.29 5147.60
1011.32 4516.40
1013.35 4847.20
1015.38 5936.00
1017.40 7909.20
1019.43 9273.20
1021.45 8595.60
1023.48 8005.80
1025.50 9297.00
1027.53 12378.40
1029.55 12928.00
1031.57 8262.60
1033.59 4756.20
1035.61 3660.00
1037.63 3385.00
1039.65 3454.80
1041.66 3391.40
1043.68 3314.20
1045.69 3304.00
1047.71 3139.60
1049.72 3030.20
1051.74 3063.40
1053.75 3396.20
1055.76 4007.80
1057.77 5221.40
1059.78 6413.40
1061.79 5937.20
1063.79 4425.60
1065.80 3556.60
1067.81 3174.20
1069.81 3020.60
1071.82 3071.80
1073.82 3284.00
1075.82 3864.60
1077.83 4980.40
1079.83 6569.20
1081.83 7301.00
1083.83 6029.20
1085.83 4314.20
1087.82 3437.20
1089.82 3036.80
1091.82 2981.80
1093.81 2975.20
1095.81 3211.60
1097.80 3617.80
1099.79 4107.80
1101.78 4185.20
1103.77 3653.20
1105.76 3213.40
1107.75 3019.20
1109.74 3017.40
1111.73 3127.60
1113.72 3091.20
1115.70 2828.20
1117.69 2653.60
1119.67 2552.00
1121.66 2515.40
1123.64 2489.60
1125.62 2488.80
1127.60 2531.80
1129.58 2552.80
1131.56 2505.60
1133.54 2502.80
1135.52 2438.80
1137.50 2401.80
1139.47 2417.40
1141.45 2441.40
1143.42 2427.80
1145.40 2471.80
1147.37 2492.60
1149.34 2574.80
1151.31 2593.60
1153.28 2742.80
1155.25 2987.40
1157.22 3498.60
1159.19 4046.00
1161.16 4131.60
1163.12 4187.00
1165.09 4682.20
1167.05 4466.80
1169.02 3791.60
1170.98 3583.00
1172.94 4137.60
1174.90 5197.80
1176.86 7107.20
1178.82 9473.60
1180.78 10375.60
1182.74 8126.00
1184.70 5870.60
1186.66 5160.00
1188.61 4751.80
1190.57 4241.80
1192.52 3730.40
1194.47 3340.40
1196.43 3211.00
1198.38 3211.40
1200.33 3438.60
1202.28 4013.80
1204.23 5249.40
1206.18 7762.40
1208.12 11521.20
1210.07 13065.60
1212.02 9691.80
1213.96 6156.80
1215.91 4278.80
1217.85 3465.80
1219.79 3066.60
1221.74 2833.80
1223.68 2673.40
1225.62 2572.20
1227.56 2556.20
1229.50 2534.60
1231.43 2547.20
1233.37 2553.80
1235.31 2536.80
1237.24 2481.00
1239.18 2448.80
1241.11 2427.20
1243.04 2372.20
1244.98 2352.80
1246.91 2326.60
1248.84 2353.80
1250.77 2286.20
1252.70 2248.20
1254.63 2223.80
1256.55 2196.40
1258.48 2191.40
1260.41 2163.60
1262.33 2190.80
1264.26 2170.80
1266.18 2227.40
1268.10 2200.40
1270.03 2207.00
1271.95 2225.80
1273.87 2207.20
1275.79 2159.60
1277.71 2198.60
1279.62 2216.20
1281.54 2211.40
1283.46 2173.20
1285.37 2186.80
1287.29 2246.40
1289.20 2288.60
1291.12 2268.00
1293.03 2320.20
1294.94 2368.60
1296.85 2431.00
1298.76 2455.20
1300.67 2505.00
1302.58 2471.40
1304.49 2508.80
1306.39 2591.60
1308.30 2761.20
1310.21 2912.00
1312.11 2853.60
1314.01 2695.80
1315.92 2591.00
1317.82 2616.20
1319.72 2657.60
1321.62 2664.60
1323.52 2593.00
1325.42 2654.20
1327.32 2639.40
1329.22 2753.00
1331.11 3017.80
1333.01 3386.20
1334.91 3415.20
1336.80 3145.20
1338.69 3219.20
1340.59 3566.80
1342.48 3652.00
1344.37 3228.60
1346.26 2833.20
1348.15 2698.60
1350.04 2812.00
1351.93 3146.80
1353.82 3775.40
1355.70 4348.40
1357.59 4167.60
1359.47 3449.80
1361.36 2902.40
1363.24 2573.20
1365.13 2448.20
1367.01 2348.20
1368.89 2320.80
1370.77 2315.40
1372.65 2305.40
1374.53 2259.60
1376.41 2293.60
1378.28 2297.40
1380.16 2282.40
1382.04 2299.20
1383.91 2398.00
1385.79 2473.20
1387.66 2424.00
1389.53 2342.20
1391.41 2340.20
1393.28 2325.60
1395.15 2324.00
1397.02 2326.40
1398.89 2400.80
1400.75 2376.40
1402.62 2409.20
1404.49 2350.80
1406.35 2325.80
1408.22 2322.60
1410.08 2324.00
1411.95 2314.60
1413.81 2332.20
1415.67 2369.00
1417.53 2394.80
1419.40 2458.20
1421.26 2671.80
1423.11 2935.80
1424.97 3519.60
1426.83 4222.80
1428.69 3901.80
1430.54 3245.80
1432.40 3138.60
1434.25 3384.60
1436.11 3681.80
1437.96 3804.00
1439.81 3783.20
1441.66 3828.00
1443.51 3804.80
1445.36 3869.40
1447.21 4077.80
1449.06 4591.00
1450.91 5522.40
1452.76 6531.40
1454.60 6365.40
1456.45 5412.00
1458.29 4871.20
1460.14 4510.60
1461.98 3807.00
1463.82 3368.00
1465.67 3199.20
1467.51 3204.40
1469.35 3246.00
1471.19 3124.00
1473.02 3068.80
1474.86 3038.80
1476.70 2866.80
1478.54 2759.80
1480.37 2665.80
1482.21 2652.80
1484.04 2648.80
1485.87 2529.00
1487.71 2639.40
1489.54 2665.00
1491.37 2583.40
1493.20 2532.80
1495.03 2455.00
1496.86 2385.60
1498.69 2318.20
1500.52 2251.60
1502.34 2265.80
1504.17 2175.40
1505.99 2165.00
1507.82 2156.40
1509.64 2120.00
1511.47 2151.20
1513.29 2066.60
1515.11 2030.60
1516.93 2055.40
1518.75 2049.60
1520.57 2002.80
1522.39 2004.00
1524.21 1989.40
1526.02 2045.60
1527.84 2012.00
1529.66 2001.20
1531.47 2005.20
1533.28 1979.20
1535.10 1968.40
1536.91 2018.60
1538.72 1964.00
1540.53 2013.40
1542.34 2000.60
1544.15 1988.80
1545.96 1958.00
1547.77 1959.40
1549.58 1971.80
1551.39 1992.40
1553.19 2008.20
1555.00 1988.40
1556.80 1918.20
1558.61 1983.80
1560.41 2034.80
1562.21 2017.80
1564.01 2006.00
1565.81 1986.80
1567.61 1990.60
1569.41 2075.60
1571.21 2085.40
1573.01 2190.40
1574.81 2321.20
1576.61 2497.40
1578.40 2741.20
1580.20 3402.40
1581.99 4428.60
1583.78 5830.80
1585.58 5486.20
1587.37 3995.60
1589.16 3312.00
1590.95 3094.80
1592.74 3139.40
1594.53 3087.60
1596.32 2863.20
1598.11 2959.00
1599.90 3415.80
1601.68 4353.40
1603.47 5558.40
1605.25 5187.00
1607.04 3679.00
1608.82 2790.60
1610.60 2451.00
1612.39 2297.80
1614.17 2172.40
1615.95 2136.20
1617.73 2089.60
1619.51 2095.40
1621.29 2110.80
1623.06 2043.20
1624.84 2085.60
1626.62 2025.60
1628.39 1968.80
1630.17 1973.00
1631.94 1925.00
1633.71 1933.80
1635.49 1923.40
1637.26 1856.40
1639.03 1904.40
1640.80 1877.40
1642.57 1892.80
1644.34 1879.40
1646.11 1841.40
1647.88 1863.40
1649.64 1811.80
1651.41 1826.20
1653.18 1847.20
1654.94 1795.20
1656.71 1766.60
1658.47 1777.40
1660.23 1748.40
1661.99 1737.40
1663.75 1701.20
1665.52 1723.00
1667.28 1721.00
1669.03 1706.20
1670.79 1698.00
1672.55 1667.00
1674.31 1637.40
1676.06 1659.40
1677.82 1645.20
1679.58 1636.40
1681.33 1608.60
1683.08 1609.00
1684.84 1601.60
1686.59 1595.20
1688.34 1618.80
1690.09 1593.00
1691.84 1580.00
1693.59 1618.40
1695.34 1572.40
1697.09 1594.80
1698.83 1562.00
1700.58 1538.00
1702.33 1586.20
1704.07 1580.80
1705.82 1534.40
1707.56 1561.20
1709.30 1489.40
1711.04 1511.20
1712.79 1509.60
1714.53 1504.20
1716.27 1516.00
1718.01 1489.60
1719.75 1496.60
1721.48 1492.20
1723.22 1498.60
1724.96 1508.00
1726.69 1492.60
1728.43 1512.40
1730.16 1523.00
1731.90 1500.80
1733.63 1527.80
1735.36 1504.60
1737.10 1544.60
1738.83 1520.20
1740.56 1487.80
1742.29 1492.20
1744.02 1519.40
1745.74 1476.00
1747.47 1480.00
1749.20 1425.80
1750.93 1467.40
1752.65 1477.80
1754.38 1441.80
1756.10 1468.60
1757.82 1412.40
1759.55 1431.80
1761.27 1433.00
1762.99 1400.20
1764.71 1392.80
1766.43 1388.00
1768.15 1400.80
1769.87 1387.40
1771.59 1372.80
1773.30 1402.80
1775.02 1389.20
1776.74 1347.80
1778.45 1417.00
1780.17 1332.60
1781.88 1378.20
1783.59 1354.80
1785.31 1397.20
1787.02 1329.40
1788.73 1322.60
1790.44 1312.20
1792.15 1334.00
1793.86 1319.00
1795.57 1347.40
1797.28 1303.40
1798.98 1334.60
1800.69 1322.40
