200.407	4864.0
203.658	5077.0
206.907	5183.0
210.154	5006.0
213.398	5227.0
216.64	5275.0
219.88	5222.0
223.117	5415.0
226.352	5885.0
229.585	6281.0
232.816	6812.0
236.044	7735.0
239.27	8247.0
242.494	7754.0
245.715	6907.0
248.934	6718.0
252.151	6704.0
255.366	6783.0
258.579	6783.0
261.789	6926.0
264.997	7114.0
268.202	7788.0
271.406	8587.0
274.607	8952.0
277.806	8740.0
281.003	8552.0
284.197	7983.0
287.389	8010.0
290.579	8054.0
293.767	8240.0
296.952	8274.0
300.136	8417.0
303.317	8605.0
306.496	8690.0
309.672	8912.0
312.846	9263.0
316.019	9488.0
319.188	9473.0
322.356	9669.0
325.522	9669.0
328.685	9704.0
331.846	9803.0
335.004	9799.0
338.161	10070.0
341.315	9921.0
344.467	9904.0
347.617	10065.0
350.765	10014.0
353.911	10040.0
357.054	10387.0
360.195	10478.0
363.334	10888.0
366.471	10873.0
369.605	10938.0
372.737	10708.0
375.867	11173.0
378.995	10941.0
382.121	11007.0
385.245	11196.0
388.366	11124.0
391.485	11571.0
394.602	11455.0
397.717	11702.0
400.829	11671.0
403.94	12203.0
407.048	11952.0
410.154	12158.0
413.258	12164.0
416.359	12389.0
419.459	12445.0
422.556	13217.0
425.651	13705.0
428.744	13503.0
431.835	13301.0
434.924	12949.0
438.01	12933.0
441.095	13002.0
444.177	13298.0
447.257	13019.0
450.335	13172.0
453.411	13288.0
456.484	13664.0
459.555	13781.0
462.625	14177.0
465.692	14433.0
468.757	14213.0
471.82	14233.0
474.88	14225.0
477.939	13853.0
480.995	14675.0
484.049	14737.0
487.101	14941.0
490.151	14874.0
493.199	15025.0
496.245	14846.0
499.288	15164.0
502.33	15034.0
505.369	14926.0
508.406	15100.0
511.441	15489.0
514.474	15304.0
517.505	15399.0
520.534	15688.0
523.56	15778.0
526.585	15288.0
529.607	15031.0
532.627	15311.0
535.645	15365.0
538.661	15780.0
541.675	15781.0
544.687	16132.0
547.696	16603.0
550.704	16971.0
553.709	17246.0
556.713	17790.0
559.714	18136.0
562.713	18855.0
565.71	18878.0
568.705	19594.0
571.698	19685.0
574.689	19962.0
577.677	20637.0
580.664	20633.0
583.648	20934.0
586.631	21409.0
589.611	21975.0
592.589	22764.0
595.565	22912.0
598.539	22492.0
601.511	22674.0
604.481	22633.0
607.449	23222.0
610.415	23255.0
613.378	24052.0
616.34	24554.0
619.299	27399.0
622.257	29315.0
625.212	27559.0
628.165	25346.0
631.117	25052.0
634.066	24996.0
637.013	25287.0
639.958	25472.0
642.901	25654.0
645.842	26011.0
648.781	25150.0
651.718	25814.0
654.652	26141.0
657.585	25558.0
660.516	25712.0
663.444	25730.0
666.371	25906.0
669.295	25808.0
672.218	26206.0
675.138	26134.0
678.057	26497.0
680.973	26893.0
683.887	26722.0
686.8	27265.0
689.71	26702.0
692.618	26310.0
695.524	26008.0
698.428	26560.0
701.331	26896.0
704.231	26881.0
707.129	26838.0
710.025	26939.0
712.919	27020.0
715.811	27160.0
718.701	27093.0
721.589	27490.0
724.474	27445.0
727.358	27854.0
730.24	27379.0
733.12	27063.0
735.998	27467.0
738.874	27784.0
741.748	27736.0
744.62	28652.0
747.489	29499.0
750.357	30217.0
753.223	28846.0
756.087	27932.0
758.949	27924.0
761.808	28240.0
764.666	28576.0
767.522	28114.0
770.376	27957.0
773.228	27829.0
776.077	27817.0
778.925	28041.0
781.771	28015.0
784.615	27905.0
787.457	27673.0
790.297	27248.0
793.135	26477.0
795.97	27173.0
798.804	27932.0
801.636	29377.0
804.466	29142.0
807.294	29107.0
810.12	29316.0
812.944	28950.0
815.766	28814.0
818.587	28596.0
821.405	28361.0
824.221	28548.0
827.035	29108.0
829.847	30204.0
832.657	30950.0
835.466	33538.0
838.272	35303.0
841.076	33712.0
843.879	30461.0
846.679	28096.0
849.478	27118.0
852.274	27092.0
855.069	26983.0
857.862	26642.0
860.652	25972.0
863.441	26315.0
866.228	26569.0
869.013	26271.0
871.795	25306.0
874.576	24040.0
877.355	22910.0
880.132	22270.0
882.908	21206.0
885.681	20828.0
888.452	20212.0
891.221	19609.0
893.989	18435.0
896.754	17495.0
899.518	16440.0
902.279	15664.0
905.039	14970.0
907.797	14804.0
910.552	14388.0
913.306	14630.0
916.058	14449.0
918.808	14197.0
921.556	13653.0
924.302	13318.0
927.047	13162.0
929.789	12698.0
932.529	12154.0
935.268	11729.0
938.004	11830.0
940.739	11631.0
943.472	11489.0
946.203	11650.0
948.932	10975.0
951.659	11156.0
954.384	10935.0
957.107	10883.0
959.828	10860.0
962.548	10958.0
965.265	10667.0
967.981	10878.0
970.695	10882.0
973.406	10659.0
976.116	10386.0
978.824	10658.0
981.531	10902.0
984.235	11735.0
986.937	12489.0
989.638	12253.0
992.336	11642.0
995.033	11383.0
997.728	12629.0
1000.42	17851.0
1003.11	26406.0
1005.8	25003.0
1008.49	15494.0
1011.17	11255.0
1013.86	11142.0
1016.54	11686.0
1019.22	12497.0
1021.9	12875.0
1024.57	12716.0
1027.25	13209.0
1029.92	13883.0
1032.59	12756.0
1035.26	10814.0
1037.92	10489.0
1040.59	10183.0
1043.25	10039.0
1045.91	10287.0
1048.57	9936.0
1051.23	9928.0
1053.89	9875.0
1056.54	10206.0
1059.19	10602.0
1061.84	10867.0
1064.49	10594.0
1067.14	10086.0
1069.78	9617.0
1072.42	9748.0
1075.06	9893.0
1077.7	10055.0
1080.34	10565.0
1082.97	10965.0
1085.61	10319.0
1088.24	9985.0
1090.87	9587.0
1093.5	9626.0
1096.12	9540.0
1098.75	9807.0
1101.37	9790.0
1103.99	9784.0
1106.61	9600.0
1109.22	9277.0
1111.84	9522.0
1114.45	9425.0
1117.06	9108.0
1119.67	8914.0
1122.28	8866.0
1124.89	8802.0
1127.49	8920.0
1130.09	8796.0
1132.69	8812.0
1135.29	8650.0
1137.89	8838.0
1140.48	8545.0
1143.08	8817.0
1145.67	8836.0
1148.26	8642.0
1150.84	8827.0
1153.43	8806.0
1156.01	8693.0
1158.6	9510.0
1161.18	9625.0
1163.76	9796.0
1166.33	9891.0
1168.91	9747.0
1171.48	9468.0
1174.05	9429.0
1176.62	9926.0
1179.19	10643.0
1181.76	11514.0
1184.32	10953.0
1186.88	9873.0
1189.44	9447.0
1192.0	9276.0
1194.56	9229.0
1197.11	9016.0
1199.67	9058.0
1202.22	9088.0
1204.77	10187.0
1207.32	10998.0
1209.86	12447.0
1212.41	12759.0
1214.95	11148.0
1217.49	9699.0
1220.03	9511.0
1222.57	9161.0
1225.1	9051.0
1227.64	9320.0
1230.17	9234.0
1232.7	9394.0
1235.23	9437.0
1237.75	9599.0
1240.28	9328.0
1242.8	9338.0
1245.32	9477.0
1247.84	9221.0
1250.36	9320.0
1252.88	9467.0
1255.39	9345.0
1257.91	9397.0
1260.42	9558.0
1262.93	9452.0
1265.43	9683.0
1267.94	9403.0
1270.44	9754.0
1272.94	9616.0
1275.44	9529.0
1277.94	9833.0
1280.44	9950.0
1282.93	9808.0
1285.43	9888.0
1287.92	9758.0
1290.41	10058.0
1292.9	10083.0
1295.38	10327.0
1297.87	10366.0
1300.35	10546.0
1302.83	10547.0
1305.31	10498.0
1307.79	10572.0
1310.26	11007.0
1312.74	11093.0
1315.21	10984.0
1317.68	11186.0
1320.15	10978.0
1322.62	10916.0
1325.08	10944.0
1327.55	11242.0
1330.01	11079.0
1332.47	11620.0
1334.93	11978.0
1337.38	11935.0
1339.84	11862.0
1342.29	12199.0
1344.74	12250.0
1347.19	12156.0
1349.64	11870.0
1352.09	12190.0
1354.53	12580.0
1356.98	12862.0
1359.42	13158.0
1361.86	12867.0
1364.3	11956.0
1366.73	11991.0
1369.17	12122.0
1371.6	12015.0
1374.03	12060.0
1376.46	11683.0
1378.89	11917.0
1381.31	12063.0
1383.74	12049.0
1386.16	12075.0
1388.58	12044.0
1391.0	12345.0
1393.42	11966.0
1395.83	11928.0
1398.25	11734.0
1400.66	11530.0
1403.07	11986.0
1405.48	11635.0
1407.89	11541.0
1410.29	11334.0
1412.7	11619.0
1415.1	11600.0
1417.5	11315.0
1419.9	11330.0
1422.29	11023.0
1424.69	11401.0
1427.08	11442.0
1429.47	11795.0
1431.87	11517.0
1434.25	11360.0
1436.64	11309.0
1439.03	11365.0
1441.41	11541.0
1443.79	11484.0
1446.17	11574.0
1448.55	11565.0
1450.93	11947.0
1453.3	12477.0
1455.68	12697.0
1458.05	12296.0
1460.42	11829.0
1462.79	11407.0
1465.15	11018.0
1467.52	11212.0
1469.88	10825.0
1472.24	11077.0
1474.6	10910.0
1476.96	10803.0
1479.32	10659.0
1481.68	10453.0
1484.03	10534.0
1486.38	10411.0
1488.73	10348.0
1491.08	10348.0
1493.43	10304.0
1495.77	10357.0
1498.12	10280.0
1500.46	10054.0
1502.8	10035.0
1505.14	9857.0
1507.47	9851.0
1509.81	9900.0
1512.14	9909.0
1514.48	10006.0
1516.81	9861.0
1519.13	9899.0
1521.46	9553.0
1523.79	9837.0
1526.11	9669.0
1528.43	9726.0
1530.75	9601.0
1533.07	9586.0
1535.39	9325.0
1537.71	9580.0
1540.02	9320.0
1542.33	9381.0
1544.64	9207.0
1546.95	9288.0
1549.26	9303.0
1551.57	9250.0
1553.87	9088.0
1556.17	9224.0
1558.47	9202.0
1560.77	9167.0
1563.07	8873.0
1565.37	9088.0
1567.66	8862.0
1569.95	8974.0
1572.25	8886.0
1574.54	9211.0
1576.82	8898.0
1579.11	8995.0
1581.39	9246.0
1583.68	9980.0
1585.96	10361.0
1588.24	10567.0
1590.52	9654.0
1592.79	9581.0
1595.07	9254.0
1597.34	9004.0
1599.61	9177.0
1601.89	9139.0
1604.15	9854.0
1606.42	10186.0
1608.69	9963.0
1610.95	9248.0
1613.21	8708.0
1615.47	8731.0
1617.73	8447.0
1619.99	8584.0
1622.25	8407.0
1624.5	8440.0
1626.75	8327.0
1629.0	8372.0
1631.25	8221.0
1633.5	8365.0
1635.75	8364.0
1637.99	8219.0
1640.24	8145.0
1642.48	8036.0
1644.72	8246.0
1646.95	8056.0
1649.19	8107.0
1651.43	8269.0
1653.66	7973.0
1655.89	8023.0
1658.12	7722.0
1660.35	8033.0
1662.58	8002.0
1664.8	7600.0
1667.03	7885.0
1669.25	7671.0
1671.47	7694.0
1673.69	7563.0
1675.91	7826.0
1678.13	7706.0
1680.34	7837.0
1682.55	7643.0
1684.76	7754.0
1686.97	7564.0
1689.18	7511.0
1691.39	7643.0
1693.6	7276.0
1695.8	7426.0
1698.0	7467.0
1700.2	7427.0
1702.4	7356.0
1704.6	7305.0
1706.79	7361.0
1708.99	7161.0
1711.18	7330.0
1713.37	7124.0
1715.56	7207.0
1717.75	6880.0
1719.94	6851.0
1722.12	7125.0
1724.3	6950.0
1726.49	6965.0
1728.67	7031.0
1730.84	7127.0
1733.02	6644.0
1735.2	7051.0
1737.37	6685.0
1739.54	6707.0
1741.72	6636.0
1743.88	6692.0
1746.05	6696.0
1748.22	6661.0
1750.38	6726.0
1752.55	6575.0
1754.71	6712.0
1756.87	6661.0
1759.03	6307.0
1761.18	6369.0
1763.34	6431.0
1765.49	6426.0
1767.65	6323.0
1769.8	6385.0
1771.95	6266.0
1774.09	6426.0
1776.24	6251.0
1778.39	6223.0
1780.53	6334.0
1782.67	6052.0
1784.81	6103.0
1786.95	6076.0
1789.09	6236.0
1791.22	6192.0
1793.36	5934.0
1795.49	6074.0
1797.62	5977.0
1799.75	5986.0
1801.88	6067.0